CreditScore,Geography,Gender,Age,Balance,NumOfProducts,HasCrCard,IsActiveMember,EstimatedSalary
520,France,Male,49.0,121197.64,1,1.0,0.0,72577.33
630,France,Male,50.0,81947.76,1,0.0,1.0,63606.22
614,France,Female,37.0,75150.34,4,0.0,1.0,131766.67
606,France,Female,39.0,0.0,2,1.0,0.0,50560.45
437,France,Female,43.0,0.0,1,1.0,0.0,148330.97
660,Spain,Female,42.0,0.0,3,1.0,1.0,189016.24
572,Germany,Male,51.0,97750.07,3,1.0,1.0,193014.26
434,Spain,Male,55.0,0.0,1,0.0,1.0,73562.05
760,France,Female,51.0,100946.71,1,0.0,0.0,179614.8
592,Spain,Male,38.0,0.0,1,1.0,0.0,65986.48
768,Germany,Female,47.0,104552.61,1,1.0,0.0,48137.08
850,France,Male,33.0,0.0,1,1.0,0.0,4861.72
735,France,Female,53.0,123845.36,2,0.0,1.0,170454.93
601,Germany,Male,48.0,163630.76,1,0.0,1.0,41816.49
532,Germany,Male,52.0,137755.76,1,1.0,0.0,163191.99
569,Spain,Female,51.0,0.0,3,1.0,0.0,75084.96
537,Germany,Female,47.0,103163.35,1,1.0,0.0,16259.64
771,France,Female,41.0,108309.0,4,1.0,1.0,137510.41
713,France,Female,32.0,117094.02,1,0.0,0.0,149558.83
693,France,Female,38.0,0.0,2,0.0,0.0,78133.48
763,Germany,Male,42.0,100160.75,1,1.0,0.0,33462.94
785,France,Female,38.0,0.0,1,1.0,0.0,134964.85
792,Spain,Male,47.0,0.0,1,1.0,1.0,5557.88
779,Spain,Female,55.0,133295.98,1,1.0,0.0,22832.71
675,France,Female,49.0,0.0,1,1.0,1.0,80496.71
584,Spain,Female,59.0,0.0,1,0.0,1.0,130260.11
657,Germany,Female,48.0,143595.87,1,0.0,0.0,101314.65
746,Spain,Male,30.0,112666.67,1,0.0,0.0,11710.4
597,Spain,Female,46.0,0.0,2,1.0,0.0,58667.16
581,Germany,Male,39.0,121523.51,1,0.0,0.0,161655.55
626,Spain,Female,26.0,148610.41,3,0.0,1.0,104502.02
636,Germany,Male,49.0,113599.74,2,1.0,0.0,158887.09
652,Germany,Female,47.0,126597.89,2,1.0,1.0,38798.79
710,Spain,Female,51.0,93656.95,1,0.0,1.0,141400.51
554,Germany,Female,43.0,120847.11,1,1.0,0.0,7611.61
736,France,Female,24.0,0.0,2,1.0,0.0,109355.73
772,Germany,Female,51.0,143930.92,1,0.0,1.0,46675.51
363,Spain,Female,28.0,146098.43,3,1.0,0.0,100615.14
651,France,Male,35.0,181821.96,2,0.0,1.0,36923.67
794,Germany,Female,55.0,115796.7,1,1.0,0.0,160526.36
555,France,Male,51.0,0.0,3,1.0,0.0,189122.89
765,Germany,Female,46.0,119492.88,2,0.0,1.0,166896.01
651,Germany,Female,34.0,148962.46,1,1.0,0.0,66389.43
496,Spain,Female,44.0,179356.28,2,1.0,0.0,2919.21
684,Germany,Male,42.0,117691.0,1,1.0,1.0,23135.65
611,France,Female,46.0,0.0,1,1.0,0.0,77677.14
519,Germany,Male,38.0,114141.64,1,1.0,1.0,60988.21
512,France,Female,41.0,145150.28,1,1.0,0.0,64869.32
745,France,Female,36.0,0.0,1,1.0,0.0,19605.18
628,France,Female,31.0,175443.75,1,1.0,0.0,113167.17
619,France,Female,55.0,0.0,3,0.0,0.0,60810.64
711,France,Male,51.0,0.0,3,1.0,0.0,38409.79
821,Spain,Female,38.0,0.0,2,0.0,1.0,126241.4
662,Spain,Female,41.0,90350.77,1,1.0,0.0,75884.65
710,Germany,Female,46.0,120530.34,1,1.0,0.0,166586.99
692,France,Female,31.0,0.0,2,1.0,0.0,91829.17
523,Germany,Male,41.0,119276.31,1,0.0,0.0,122284.38
596,France,Male,21.0,210433.08,2,0.0,1.0,197297.77
697,France,Female,42.0,0.0,1,1.0,0.0,1262.83
684,Spain,Male,39.0,207034.96,2,0.0,0.0,157694.76
650,Germany,Female,45.0,152367.21,3,1.0,0.0,150835.21
567,France,Female,47.0,0.0,1,0.0,0.0,110900.43
823,Spain,Female,46.0,81576.75,1,1.0,1.0,28370.95
631,Germany,Male,40.0,107949.45,1,1.0,0.0,52449.62
610,Germany,Female,69.0,86038.21,3,0.0,0.0,192743.06
767,Germany,Female,45.0,132746.2,2,1.0,0.0,26628.88
513,France,Female,45.0,164649.52,3,1.0,0.0,49915.52
623,Germany,Male,50.0,126608.37,1,0.0,1.0,645.61
708,Spain,Female,64.0,0.0,3,0.0,1.0,112520.07
613,Germany,Male,40.0,147856.82,3,0.0,0.0,107961.11
691,Germany,Female,37.0,123067.63,1,1.0,1.0,98162.44
668,Germany,Female,39.0,122104.79,1,1.0,0.0,112946.67
598,France,Female,40.0,171178.25,1,1.0,0.0,137980.58
618,France,Female,42.0,0.0,4,0.0,0.0,111097.39
666,France,Male,53.0,64646.7,1,1.0,0.0,128019.48
653,Germany,Male,58.0,132602.88,1,1.0,0.0,5097.67
646,France,Female,42.0,175159.9,2,0.0,0.0,67124.48
536,France,Female,35.0,0.0,1,1.0,0.0,171840.24
612,France,Female,33.0,0.0,1,0.0,0.0,142797.5
721,France,Female,55.0,44020.89,1,1.0,0.0,65864.4
501,Spain,Male,43.0,104533.24,1,0.0,0.0,81123.59
594,France,Male,57.0,0.0,1,1.0,0.0,19376.56
542,France,Female,42.0,0.0,1,1.0,1.0,178256.58
708,France,Female,59.0,0.0,1,1.0,0.0,179673.11
577,Spain,Male,43.0,79757.21,1,1.0,0.0,135650.72
597,Germany,Female,22.0,101528.61,1,1.0,0.0,70529.0
850,Germany,Female,47.0,134381.52,1,0.0,0.0,26812.89
691,Spain,Male,36.0,129934.64,1,0.0,0.0,75664.56
547,France,Female,49.0,0.0,1,0.0,0.0,65466.93
625,Germany,Female,55.0,118772.71,4,0.0,0.0,135853.62
850,Spain,Male,39.0,206014.94,2,0.0,1.0,42774.84
443,Germany,Male,59.0,110939.3,1,1.0,0.0,72846.58
637,France,Female,48.0,130806.99,2,1.0,1.0,132005.85
538,France,Female,38.0,88758.95,2,0.0,0.0,28226.15
682,France,Male,55.0,0.0,1,1.0,0.0,153356.8
672,Germany,Male,40.0,102980.44,1,1.0,0.0,1285.81
554,France,Female,43.0,0.0,2,1.0,0.0,149629.13
689,Spain,Female,45.0,57784.22,1,1.0,0.0,197804.0
691,France,Female,31.0,40915.55,1,1.0,0.0,126213.84
706,Spain,Female,29.0,209490.21,1,1.0,1.0,133267.69
664,Spain,Male,44.0,77526.66,3,0.0,0.0,57338.56
748,France,Male,60.0,152335.7,1,1.0,0.0,126743.33
511,France,Female,46.0,0.0,1,1.0,1.0,115779.48
581,Spain,Female,24.0,159203.71,1,1.0,1.0,102517.83
626,France,Male,43.0,137638.69,1,1.0,0.0,130442.08
526,Germany,Male,50.0,124233.24,1,0.0,1.0,159456.87
791,Germany,Female,33.0,130229.71,2,0.0,0.0,54019.93
740,France,Female,60.0,108028.08,2,0.0,0.0,25980.42
634,Spain,Male,31.0,108632.48,1,1.0,1.0,179485.96
350,France,Male,51.0,0.0,1,1.0,1.0,125823.79
532,Germany,Male,52.0,110791.97,1,1.0,0.0,148704.77
672,France,Female,53.0,169406.33,4,1.0,1.0,147311.47
545,Germany,Female,37.0,114754.08,1,1.0,0.0,136050.44
534,France,Male,52.0,0.0,3,1.0,1.0,104035.41
580,Germany,Male,45.0,103741.14,1,1.0,0.0,47428.73
629,Germany,Female,45.0,129818.39,3,1.0,0.0,9217.55
661,France,Male,47.0,0.0,1,0.0,1.0,107243.31
588,France,Female,36.0,0.0,2,1.0,0.0,92536.0
676,France,Female,49.0,0.0,1,1.0,0.0,79342.31
521,France,Male,27.0,121325.84,1,1.0,1.0,164223.7
689,Germany,Female,55.0,76296.81,1,1.0,0.0,42364.75
676,Germany,Female,26.0,108348.66,1,0.0,0.0,60231.74
651,Germany,Male,29.0,121890.06,1,1.0,0.0,54530.51
570,France,Female,29.0,153040.03,1,1.0,1.0,131363.57
748,Germany,Male,45.0,119852.01,1,0.0,0.0,73853.94
602,Germany,Female,53.0,98268.84,1,0.0,1.0,45038.29
459,Germany,Male,46.0,110356.42,1,1.0,0.0,4969.13
544,Spain,Female,53.0,0.0,1,1.0,0.0,125692.07
567,Germany,Female,49.0,134956.02,1,1.0,0.0,93953.84
563,Spain,Female,46.0,106171.68,1,1.0,0.0,163145.5
782,Germany,Female,72.0,148666.99,1,1.0,0.0,2605.65
628,France,Female,31.0,0.0,1,0.0,0.0,147963.07
546,Spain,Female,45.0,0.0,1,0.0,0.0,197789.83
811,Germany,Male,52.0,76915.4,1,0.0,0.0,146359.81
566,Germany,Female,35.0,123042.0,1,1.0,0.0,66245.44
554,Germany,Female,51.0,105701.91,1,0.0,1.0,179797.79
741,Spain,Male,43.0,0.0,2,1.0,1.0,2920.63
609,France,Male,48.0,108019.27,3,1.0,1.0,184524.65
621,Spain,Female,40.0,0.0,2,0.0,1.0,131283.6
537,Germany,Male,48.0,131834.8,1,1.0,0.0,166476.95
753,France,Female,40.0,3768.69,2,1.0,0.0,177065.24
667,Germany,Male,55.0,154393.43,1,1.0,1.0,137674.96
695,France,Female,42.0,0.0,1,0.0,1.0,72172.13
447,France,Male,43.0,0.0,2,1.0,0.0,33879.26
629,France,Male,59.0,113657.83,1,1.0,1.0,116848.79
597,France,Female,53.0,88381.21,1,1.0,0.0,69384.71
663,Germany,Male,32.0,130627.66,1,1.0,0.0,47161.25
492,France,Female,48.0,127253.98,1,1.0,1.0,92144.09
490,France,Female,40.0,0.0,1,1.0,1.0,49594.19
663,Germany,Female,36.0,77253.5,1,0.0,0.0,35817.97
775,France,Male,52.0,109922.61,1,1.0,1.0,96823.32
828,Spain,Male,47.0,109876.82,2,1.0,0.0,83611.45
617,Germany,Female,37.0,116471.43,2,1.0,0.0,175324.74
626,France,Female,44.0,0.0,1,0.0,1.0,173117.22
401,Germany,Male,48.0,128140.17,1,1.0,0.0,175753.55
757,Germany,Female,43.0,131433.33,2,1.0,1.0,3497.43
706,Germany,Female,48.0,104478.12,3,0.0,1.0,158248.71
555,Germany,Female,46.0,120392.99,1,1.0,0.0,177719.88
624,Germany,Male,54.0,116726.22,1,1.0,0.0,110498.1
720,Spain,Female,59.0,0.0,2,1.0,1.0,160849.43
489,Germany,Female,46.0,92060.06,1,1.0,0.0,147222.95
737,France,Male,36.0,0.0,1,0.0,1.0,188670.9
692,Germany,Male,45.0,142084.04,4,1.0,0.0,188305.85
760,France,Male,38.0,162888.73,1,1.0,0.0,91098.76
705,France,Female,49.0,0.0,1,1.0,0.0,63405.2
779,France,Male,71.0,0.0,2,1.0,1.0,146895.36
625,France,Female,51.0,124620.01,2,1.0,0.0,92243.94
624,France,Male,42.0,145155.37,1,1.0,0.0,72169.95
554,Germany,Female,54.0,108755.0,1,1.0,0.0,40914.32
687,France,Female,61.0,80538.56,1,1.0,0.0,131305.37
623,Germany,Female,48.0,108076.33,1,1.0,0.0,118855.26
726,France,Male,29.0,0.0,2,1.0,1.0,91844.14
687,Spain,Male,38.0,69434.4,2,1.0,1.0,66580.13
529,Spain,Male,63.0,96134.11,3,1.0,0.0,108732.96
524,Spain,Female,32.0,0.0,1,1.0,1.0,132861.9
680,Germany,Male,30.0,108300.27,2,0.0,1.0,44384.57
598,France,Female,40.0,0.0,1,1.0,0.0,68462.59
625,France,Female,51.0,136294.97,1,1.0,0.0,38867.46
383,Spain,Female,48.0,95808.19,1,0.0,0.0,137702.01
684,France,Female,48.0,73309.38,1,0.0,0.0,21228.34
685,France,Female,40.0,0.0,1,1.0,0.0,72852.74
819,Germany,Female,49.0,120656.86,4,0.0,0.0,166164.3
694,Germany,Female,58.0,143212.22,1,0.0,0.0,102628.56
667,Germany,Female,48.0,97133.92,2,0.0,0.0,113316.77
740,Spain,Male,43.0,0.0,1,1.0,0.0,199290.68
498,France,Male,46.0,91857.66,1,1.0,0.0,101954.78
824,France,Male,26.0,146266.0,1,1.0,0.0,21903.62
479,Germany,Male,35.0,92833.89,1,1.0,0.0,99449.86
586,France,Female,28.0,0.0,3,1.0,0.0,170487.4
668,Germany,Male,47.0,106854.21,1,0.0,1.0,157959.02
747,France,Female,47.0,139914.6,4,0.0,1.0,129964.56
622,France,Female,30.0,158584.82,3,1.0,0.0,142342.55
638,Germany,Female,53.0,123916.67,1,1.0,0.0,16657.68
645,Spain,Female,49.0,110132.55,3,0.0,1.0,187689.91
637,Germany,Female,39.0,109698.41,1,1.0,1.0,88391.29
460,France,Female,27.0,0.0,2,1.0,0.0,156150.08
617,Germany,Female,39.0,83348.89,3,1.0,0.0,7953.62
596,Spain,Male,30.0,121345.88,4,1.0,0.0,41921.75
727,Germany,Male,40.0,93051.64,2,1.0,0.0,71865.31
768,France,Female,26.0,51116.26,1,1.0,1.0,70454.79
705,Germany,Female,54.0,125889.3,3,1.0,0.0,96013.5
698,Spain,Female,47.0,0.0,1,1.0,0.0,50213.81
435,Germany,Male,37.0,114346.3,1,0.0,1.0,980.93
550,Germany,Female,45.0,111257.59,1,0.0,0.0,97623.42
578,France,Male,59.0,185966.64,1,0.0,0.0,9445.42
557,Germany,Male,57.0,120043.13,1,1.0,0.0,132370.75
483,Germany,Male,41.0,118334.44,1,0.0,0.0,163147.99
670,Germany,Male,43.0,111677.88,1,1.0,0.0,178827.3
655,France,Female,41.0,0.0,1,0.0,0.0,36548.0
625,France,Male,49.0,173434.9,1,1.0,0.0,165580.93
573,Spain,Male,56.0,154669.77,1,0.0,1.0,115462.27
601,France,Male,46.0,99786.07,1,1.0,1.0,32683.88
663,Spain,Male,52.0,136298.65,1,1.0,0.0,144593.3
564,Spain,Male,31.0,121461.87,1,1.0,1.0,20432.09
576,Germany,Female,71.0,140273.47,1,1.0,1.0,193135.25
515,France,Female,58.0,131852.81,1,1.0,0.0,81436.68
608,France,Male,59.0,0.0,1,1.0,0.0,70649.64
612,Spain,Male,33.0,69478.57,1,1.0,0.0,8973.67
628,Spain,Male,50.0,0.0,1,0.0,0.0,144366.83
645,Spain,Male,44.0,113755.78,2,1.0,0.0,149756.71
606,France,Male,37.0,82373.94,1,0.0,0.0,172526.9
660,France,Female,48.0,90044.32,2,0.0,1.0,187604.97
498,Germany,Male,42.0,152039.7,1,1.0,1.0,53445.17
699,France,Male,40.0,0.0,1,0.0,1.0,152876.13
728,France,Male,37.0,122689.51,2,0.0,0.0,106977.53
714,France,Female,51.0,88308.87,3,0.0,0.0,5862.53
569,Germany,Female,42.0,146100.75,1,1.0,0.0,32574.01
630,Spain,Female,39.0,135483.17,1,1.0,0.0,140881.2
576,France,Male,63.0,70655.48,1,0.0,0.0,78955.8
722,Spain,Male,43.0,0.0,1,1.0,0.0,44560.17
632,Germany,Female,50.0,107959.39,1,1.0,1.0,6985.34
453,Germany,Female,40.0,111524.49,1,1.0,1.0,120373.84
638,Germany,Male,27.0,135096.05,1,1.0,1.0,186523.72
767,Spain,Male,47.0,0.0,1,1.0,0.0,48161.18
743,Spain,Female,48.0,118207.69,2,0.0,0.0,186489.14
793,Germany,Male,54.0,128966.13,1,0.0,0.0,18633.4
597,Spain,Male,43.0,85162.26,1,0.0,1.0,5104.08
621,Germany,Male,46.0,141078.37,1,0.0,0.0,34580.8
720,France,Male,44.0,86102.27,1,1.0,0.0,180134.88
749,France,Female,60.0,0.0,1,1.0,0.0,17978.68
835,Germany,Male,20.0,124365.42,1,0.0,0.0,180197.74
703,Germany,Male,39.0,141559.5,1,1.0,1.0,31257.1
616,Germany,Female,28.0,105173.99,1,0.0,1.0,29835.37
534,France,Female,49.0,0.0,1,1.0,0.0,13566.48
499,Spain,Female,53.0,75225.53,2,0.0,0.0,144849.1
537,Germany,Male,39.0,135309.36,1,1.0,0.0,31728.86
485,France,Male,29.0,182123.79,1,1.0,0.0,116828.51
502,Germany,Female,42.0,132002.7,1,0.0,1.0,28204.98
689,France,Male,22.0,136444.25,1,1.0,0.0,51980.25
515,Germany,Male,45.0,120961.5,3,1.0,1.0,39288.11
547,Spain,Female,44.0,0.0,3,0.0,0.0,5459.07
749,Germany,Male,47.0,110022.74,1,0.0,1.0,135655.29
589,France,Female,59.0,0.0,2,1.0,1.0,126160.24
683,France,Female,30.0,0.0,2,0.0,1.0,100496.84
556,Germany,Male,37.0,145018.64,2,1.0,0.0,90928.02
749,France,Male,40.0,139290.41,1,1.0,0.0,182855.42
657,Germany,Male,40.0,99165.84,1,0.0,1.0,119333.95
741,France,Male,52.0,171236.3,2,0.0,0.0,21834.4
731,Germany,Female,21.0,132312.06,1,1.0,0.0,106663.46
727,Spain,Female,49.0,96296.78,1,1.0,0.0,190457.87
535,Germany,Male,38.0,127475.24,1,0.0,0.0,60775.76
654,France,Male,40.0,0.0,1,0.0,0.0,183872.88
675,France,Female,61.0,62055.17,3,1.0,0.0,166305.16
659,France,Female,49.0,0.0,1,1.0,0.0,116249.72
699,France,Female,43.0,80764.03,1,1.0,0.0,199378.58
813,Germany,Male,59.0,135078.41,1,1.0,0.0,187636.06
478,France,Female,38.0,171913.87,1,1.0,0.0,51820.87
812,Spain,Female,44.0,0.0,3,1.0,0.0,66926.83
669,France,Female,44.0,96418.09,1,0.0,0.0,131609.48
721,Germany,Male,40.0,100275.88,1,1.0,0.0,138564.48
619,Spain,Female,38.0,0.0,1,1.0,0.0,112442.63
768,Germany,Male,49.0,133384.66,1,1.0,0.0,102397.22
795,Spain,Female,56.0,0.0,1,1.0,0.0,35418.69
530,France,Female,55.0,120905.03,1,0.0,1.0,123475.88
712,France,Male,36.0,100749.5,3,0.0,0.0,70758.37
602,France,Female,42.0,0.0,2,0.0,0.0,169921.11
731,France,Female,52.0,0.0,1,1.0,1.0,24998.75
777,France,Female,32.0,0.0,1,1.0,0.0,136458.19
697,France,Female,49.0,195238.29,4,0.0,1.0,131083.56
725,Spain,Female,36.0,118520.26,1,0.0,0.0,131173.9
713,Germany,Male,45.0,131038.14,1,1.0,0.0,74005.04
479,France,Male,47.0,121797.09,1,0.0,1.0,5811.9
775,Germany,Female,38.0,125212.65,2,1.0,1.0,15795.88
523,Germany,Female,39.0,143903.11,1,1.0,1.0,118711.75
850,France,Male,49.0,128663.9,1,1.0,0.0,65769.3
634,Germany,Female,53.0,113781.5,2,1.0,1.0,106345.05
619,Spain,Female,41.0,0.0,3,1.0,1.0,79866.73
632,Germany,Male,41.0,127205.32,4,1.0,0.0,93874.87
737,Spain,Female,39.0,130051.66,2,0.0,0.0,55356.39
681,Germany,Female,44.0,91115.76,2,0.0,0.0,24208.84
556,France,Female,54.0,150005.38,1,1.0,0.0,157015.5
589,France,Male,38.0,0.0,1,1.0,0.0,95483.48
660,France,Male,50.0,0.0,3,1.0,1.0,191849.15
850,France,Female,42.0,0.0,1,1.0,0.0,19632.64
635,France,Female,58.0,0.0,1,1.0,1.0,58907.08
634,Germany,Female,59.0,95727.05,1,0.0,0.0,97939.4
651,France,Female,56.0,0.0,1,0.0,0.0,84383.22
697,Germany,Female,38.0,132591.36,1,1.0,1.0,7387.8
552,France,Male,42.0,133701.07,2,1.0,0.0,101069.71
665,Germany,Female,51.0,110610.41,2,0.0,1.0,1112.76
711,France,Female,38.0,129022.06,2,1.0,1.0,14374.86
687,Germany,Female,47.0,91219.29,1,0.0,0.0,158845.49
565,Germany,Male,52.0,97720.35,2,1.0,0.0,175070.94
576,France,Male,40.0,0.0,2,1.0,0.0,112465.19
722,France,Male,46.0,0.0,1,1.0,1.0,93917.68
795,Germany,Female,33.0,104552.72,1,1.0,1.0,120853.83
581,Spain,Female,44.0,189318.16,2,1.0,0.0,45026.23
680,Germany,Female,51.0,143139.87,1,0.0,0.0,47795.43
624,France,Female,45.0,68639.57,1,1.0,0.0,168002.31
475,France,Male,40.0,160818.08,1,0.0,1.0,169642.13
754,France,Female,45.0,0.0,1,1.0,0.0,73881.68
667,Germany,Female,56.0,137464.04,1,1.0,0.0,130846.79
466,France,Male,40.0,91592.06,1,1.0,0.0,141210.18
696,Germany,Male,49.0,97036.22,2,1.0,0.0,152450.84
680,France,Female,24.0,0.0,3,1.0,0.0,154971.63
690,France,Male,54.0,0.0,1,1.0,0.0,12847.61
531,France,Female,63.0,114715.71,1,0.0,1.0,24506.95
520,Germany,Female,31.0,108914.17,1,1.0,1.0,183572.39
546,Germany,Female,74.0,114888.74,2,1.0,1.0,66732.63
771,Spain,Female,56.0,0.0,1,1.0,1.0,25222.6
632,Spain,Male,31.0,136556.44,1,1.0,0.0,82152.83
540,France,Female,31.0,0.0,1,0.0,1.0,183051.6
850,Germany,Male,42.0,84445.68,3,0.0,1.0,60021.34
705,Spain,Male,44.0,184552.12,1,1.0,0.0,68860.3
655,Germany,Female,46.0,137145.12,1,1.0,0.0,115146.4
499,Spain,Female,42.0,147187.84,1,1.0,1.0,14868.94
723,Germany,Female,47.0,90450.0,2,0.0,0.0,103379.31
731,France,Male,43.0,0.0,1,1.0,1.0,170034.95
620,France,Male,61.0,0.0,1,0.0,0.0,31641.52
529,France,Female,38.0,0.0,1,1.0,0.0,146388.85
663,Spain,Female,53.0,150200.23,1,0.0,1.0,151317.27
669,France,Male,50.0,149713.61,3,1.0,1.0,124872.42
657,Spain,Male,42.0,41473.33,1,1.0,0.0,112979.6
578,France,Male,45.0,148600.91,1,1.0,0.0,143397.14
655,France,Female,59.0,0.0,1,1.0,0.0,88958.49
785,France,Female,39.0,130147.98,1,1.0,0.0,163798.41
608,France,Male,50.0,0.0,1,1.0,0.0,93568.77
661,Spain,Male,42.0,178820.91,1,0.0,0.0,29358.57
606,France,Male,47.0,93578.68,2,0.0,1.0,137720.56
609,France,Male,37.0,39344.83,1,1.0,1.0,178291.89
731,Germany,Female,49.0,88826.07,1,1.0,1.0,33759.41
684,Germany,Female,56.0,127585.98,3,1.0,1.0,80593.49
505,Germany,Female,33.0,106506.77,3,1.0,0.0,45445.78
586,France,Female,35.0,164769.02,3,1.0,0.0,119814.25
625,Germany,Female,49.0,128504.76,1,1.0,0.0,126812.63
629,France,Female,39.0,0.0,2,1.0,1.0,43174.49
647,Germany,Male,52.0,130013.12,1,1.0,1.0,190806.36
693,Germany,Male,44.0,124601.58,2,1.0,1.0,46998.13
601,Germany,Male,42.0,98495.72,1,1.0,0.0,40014.76
629,France,Male,44.0,0.0,4,0.0,0.0,117572.59
717,France,Female,36.0,99472.76,2,1.0,0.0,94274.72
542,France,Male,38.0,65942.26,1,1.0,1.0,68093.23
590,Spain,Female,51.0,154962.99,3,0.0,1.0,191932.27
598,France,Female,64.0,0.0,1,0.0,1.0,13181.37
434,Germany,Female,58.0,125801.03,2,1.0,0.0,60891.8
755,Germany,Male,43.0,165048.5,3,1.0,0.0,16929.41
515,Germany,Male,37.0,90432.92,1,1.0,1.0,188366.04
675,France,Male,49.0,135133.39,1,0.0,1.0,179521.24
611,France,Male,35.0,0.0,1,1.0,1.0,23598.23
692,Germany,Female,43.0,118588.83,1,1.0,1.0,161241.65
635,France,Female,40.0,123497.58,1,1.0,0.0,131953.23
715,Germany,Female,37.0,105489.31,1,0.0,0.0,143096.49
738,France,Male,54.0,0.0,1,0.0,1.0,55725.04
423,France,Female,36.0,97665.61,1,1.0,0.0,118372.55
782,France,Male,34.0,0.0,1,1.0,0.0,183021.06
636,Germany,Female,48.0,120568.41,1,1.0,0.0,190160.04
808,Germany,Female,37.0,100431.84,1,1.0,0.0,35140.49
710,Germany,Male,43.0,140080.32,3,1.0,1.0,157908.19
844,France,Female,41.0,76319.64,1,1.0,1.0,141175.18
756,France,Male,62.0,0.0,1,1.0,1.0,11199.04
579,Spain,Female,35.0,129490.36,2,0.0,1.0,8590.83
704,Germany,Female,24.0,113034.22,1,1.0,0.0,162503.48
769,Germany,Male,60.0,148846.39,1,1.0,0.0,192831.67
668,Spain,Female,24.0,173962.32,1,0.0,0.0,106457.11
637,Germany,Male,49.0,108204.52,1,1.0,0.0,169037.84
688,France,Male,38.0,148045.68,1,1.0,0.0,175479.92
583,France,Male,48.0,91246.53,1,1.0,0.0,60017.46
507,Germany,Male,36.0,118214.32,3,1.0,0.0,119110.03
707,Spain,Female,35.0,56674.48,1,1.0,0.0,17987.4
482,Germany,Male,45.0,156353.46,1,1.0,0.0,72643.95
805,Germany,Male,56.0,151802.29,1,1.0,0.0,46791.09
651,Germany,Female,35.0,163700.78,3,1.0,1.0,29583.48
564,France,Female,53.0,45472.28,1,1.0,1.0,41055.71
351,Germany,Female,57.0,163146.46,1,1.0,0.0,169621.69
644,Germany,Female,51.0,95560.04,1,0.0,0.0,72628.84
456,France,Female,63.0,165350.61,2,0.0,0.0,140758.07
642,Germany,Female,36.0,124495.98,3,1.0,1.0,57904.22
474,France,Male,33.0,0.0,2,1.0,0.0,181945.52
599,France,Male,58.0,0.0,1,0.0,0.0,176407.15
631,Germany,Male,48.0,106396.48,1,1.0,1.0,150661.42
621,Germany,Male,51.0,109978.83,1,0.0,0.0,177740.58
555,Germany,Male,42.0,107104.5,1,1.0,1.0,41304.44
682,Germany,Female,29.0,101012.77,1,0.0,0.0,32589.89
723,Germany,Female,68.0,110357.0,1,0.0,0.0,141977.54
562,Germany,Female,39.0,130565.02,1,1.0,0.0,9854.72
535,Spain,Male,58.0,0.0,2,1.0,1.0,11779.98
688,Spain,Female,35.0,0.0,1,1.0,0.0,25488.43
706,Germany,Female,46.0,105214.58,1,1.0,0.0,108699.59
612,Germany,Female,47.0,130024.87,1,1.0,1.0,45750.21
705,Germany,Female,46.0,115518.07,1,0.0,0.0,76544.9
583,Germany,Female,54.0,115988.86,1,1.0,0.0,57553.98
537,France,Male,59.0,0.0,2,0.0,0.0,103799.77
617,Germany,Female,58.0,119024.75,2,1.0,0.0,35199.24
650,Spain,Male,41.0,128808.65,3,0.0,0.0,113677.53
641,France,Female,40.0,0.0,1,0.0,0.0,151648.66
542,Germany,Female,35.0,127543.11,2,1.0,0.0,468.94
661,Germany,Male,44.0,141136.62,1,1.0,0.0,189742.78
704,Germany,Female,39.0,102556.18,2,1.0,0.0,171971.25
644,Spain,Female,46.0,12459.19,1,0.0,0.0,156787.34
747,France,Female,40.0,0.0,1,0.0,0.0,57817.84
633,France,Male,40.0,150578.0,1,0.0,1.0,34670.62
599,France,Male,50.0,121159.65,1,0.0,0.0,4033.39
628,France,Female,50.0,143054.56,1,0.0,1.0,109608.81
715,France,Female,41.0,56214.85,2,0.0,0.0,92982.61
473,France,Female,39.0,117103.26,2,1.0,1.0,85937.52
522,Spain,Male,34.0,126436.29,1,1.0,0.0,174248.52
627,Spain,Female,55.0,0.0,1,0.0,0.0,91943.94
731,Germany,Female,43.0,79120.27,1,0.0,0.0,548.52
757,Spain,Female,55.0,117294.12,4,1.0,0.0,94187.47
603,Germany,Female,55.0,127723.25,2,1.0,0.0,139469.11
673,France,Female,43.0,168069.73,1,1.0,1.0,146992.24
571,Germany,Male,37.0,139592.98,3,1.0,0.0,104152.65
599,Spain,Female,31.0,0.0,1,1.0,1.0,130086.47
542,Spain,Male,54.0,105770.14,1,0.0,1.0,140929.98
407,Spain,Male,37.0,0.0,1,1.0,1.0,49161.12
672,France,Female,45.0,0.0,1,1.0,1.0,92027.69
738,Spain,Male,49.0,0.0,3,1.0,1.0,65066.48
850,Germany,Female,35.0,80931.75,1,0.0,0.0,12639.67
647,France,Male,41.0,138937.35,1,1.0,1.0,101617.64
817,France,Female,55.0,117561.49,1,1.0,0.0,95941.55
465,France,Female,51.0,122522.32,1,0.0,0.0,181297.65
630,Spain,Male,39.0,105473.74,1,0.0,0.0,58854.88
664,France,Male,46.0,0.0,1,1.0,1.0,177423.02
516,France,Male,27.0,0.0,1,1.0,0.0,142680.64
584,Spain,Female,50.0,0.0,1,0.0,1.0,152567.75
552,Germany,Female,42.0,103362.14,1,0.0,1.0,186869.58
708,France,Female,47.0,126589.12,2,0.0,1.0,132730.07
547,Germany,Male,55.0,111362.76,3,1.0,0.0,16922.28
674,France,Male,46.0,174701.05,1,1.0,0.0,90189.72
791,France,Female,33.0,0.0,1,1.0,1.0,144413.92
609,Germany,Female,71.0,113317.1,1,1.0,0.0,108258.22
646,Spain,Male,31.0,0.0,1,1.0,1.0,170821.43
850,Germany,Female,45.0,121874.89,1,0.0,0.0,6865.41
655,Germany,Male,34.0,118028.35,1,1.0,0.0,51226.32
690,Germany,Male,43.0,166522.78,1,0.0,0.0,119644.59
609,Spain,Female,43.0,86053.52,2,1.0,1.0,113276.46
638,Germany,Male,50.0,102645.48,1,1.0,0.0,168359.98
486,Germany,Male,62.0,118356.89,2,1.0,0.0,168034.83
720,France,Female,38.0,0.0,2,1.0,1.0,56229.72
623,Spain,Male,46.0,0.0,1,1.0,0.0,5549.11
715,France,Female,38.0,118590.41,1,1.0,1.0,5684.17
627,Germany,Male,24.0,102773.2,2,1.0,0.0,56793.02
730,Germany,Female,33.0,130367.87,1,1.0,0.0,15142.1
691,Germany,Female,41.0,109153.96,3,1.0,1.0,148848.76
756,France,Male,60.0,0.0,1,1.0,1.0,166513.49
430,France,Female,60.0,73937.02,1,1.0,0.0,161937.62
707,France,Female,49.0,0.0,1,1.0,0.0,82967.97
474,France,Male,54.0,0.0,1,1.0,0.0,108409.17
684,France,Male,60.0,116563.58,1,1.0,0.0,120257.7
582,Germany,Female,40.0,110150.43,1,1.0,1.0,191757.65
498,Germany,Male,61.0,102453.26,1,1.0,0.0,187247.56
755,France,Male,41.0,104817.41,1,1.0,0.0,126013.58
638,Spain,Female,55.0,155828.22,1,0.0,1.0,108987.25
680,France,Female,37.0,123806.28,1,1.0,0.0,81776.84
477,France,Male,47.0,144900.58,1,1.0,0.0,61315.37
623,France,Male,45.0,0.0,1,1.0,0.0,196533.72
846,France,Female,34.0,142388.61,2,0.0,1.0,68393.64
672,France,Female,40.0,0.0,1,1.0,0.0,113171.61
707,Spain,Female,52.0,0.0,1,1.0,0.0,109688.82
538,France,Female,62.0,75051.49,1,0.0,0.0,17682.02
580,France,Female,65.0,106804.26,3,1.0,0.0,107890.69
686,Germany,Female,38.0,93569.86,3,0.0,0.0,10137.34
596,Germany,Male,54.0,123544.0,1,1.0,1.0,120314.75
581,Germany,Male,50.0,143829.2,2,1.0,0.0,181224.24
520,France,Female,46.0,85216.61,1,1.0,0.0,117369.52
825,Germany,Female,35.0,118336.95,1,1.0,0.0,26342.33
611,Spain,Male,52.0,0.0,1,0.0,1.0,73585.18
625,France,Female,58.0,53772.73,1,1.0,1.0,192072.1
622,France,Male,41.0,127087.06,1,1.0,0.0,102402.91
698,France,Female,51.0,144237.91,4,1.0,0.0,157143.61
445,Germany,Female,48.0,168286.58,1,1.0,0.0,16645.77
682,France,Female,52.0,112670.48,1,1.0,0.0,21085.17
844,Spain,Male,56.0,99529.7,1,0.0,1.0,157230.06
572,Germany,Male,47.0,99353.42,1,1.0,0.0,196549.85
714,Germany,Male,53.0,99141.86,1,1.0,1.0,72496.05
568,Germany,Male,43.0,87612.64,4,1.0,1.0,107155.4
697,Germany,Male,43.0,103409.16,1,1.0,0.0,66893.28
637,France,Female,63.0,0.0,1,1.0,0.0,28092.77
480,Spain,Male,47.0,75408.33,1,1.0,0.0,25887.89
770,France,Female,68.0,183555.24,1,0.0,0.0,159557.28
608,Spain,Male,45.0,0.0,2,0.0,0.0,36697.48
572,Germany,Male,39.0,112290.22,1,1.0,0.0,49373.97
773,Spain,Male,51.0,0.0,2,0.0,0.0,123587.83
850,France,Male,63.0,169832.57,1,0.0,0.0,184107.26
716,Germany,Male,50.0,119655.77,1,1.0,1.0,12944.17
540,France,Male,48.0,109349.29,1,1.0,0.0,88703.04
614,Germany,Female,37.0,96340.81,2,1.0,1.0,139377.24
648,France,Female,39.0,130694.89,2,1.0,1.0,153955.38
386,Spain,Female,53.0,131955.07,1,1.0,1.0,62514.65
563,France,Female,32.0,148326.09,1,1.0,0.0,191604.27
747,Germany,Male,58.0,116313.57,1,1.0,1.0,190696.35
690,France,Female,40.0,77641.99,1,0.0,0.0,189051.59
443,Germany,Male,50.0,117206.3,1,1.0,0.0,42840.18
771,Spain,Male,45.0,139825.56,1,0.0,0.0,170984.97
635,France,Female,27.0,127471.56,1,1.0,1.0,152916.05
678,France,Female,28.0,0.0,2,1.0,1.0,144423.17
743,Germany,Male,65.0,131935.51,1,1.0,1.0,96399.67
515,Germany,Male,60.0,113715.36,1,1.0,0.0,18424.24
665,Germany,Male,63.0,104469.58,1,1.0,1.0,25165.36
644,France,Male,37.0,117271.8,2,1.0,0.0,104217.96
599,Spain,Female,39.0,0.0,1,1.0,0.0,194273.2
650,France,Female,64.0,142028.36,1,1.0,0.0,32275.09
659,France,Female,56.0,123785.24,1,1.0,0.0,99504.03
791,Germany,Male,35.0,129828.58,1,1.0,1.0,181918.26
420,Spain,Female,55.0,91893.32,1,1.0,0.0,144870.28
524,France,Male,52.0,87894.26,1,1.0,0.0,173899.42
527,France,Male,39.0,0.0,2,1.0,0.0,167183.07
671,Germany,Male,45.0,99564.22,1,1.0,1.0,108872.45
619,Spain,Female,32.0,175406.13,2,1.0,1.0,172792.43
627,Germany,Female,35.0,137852.96,1,1.0,1.0,172269.21
734,Spain,Female,43.0,55853.33,2,0.0,1.0,94811.85
598,Germany,Female,46.0,131769.04,1,0.0,0.0,184980.23
745,Germany,Female,28.0,111071.36,1,1.0,0.0,73275.96
599,Germany,Female,49.0,143888.22,2,1.0,1.0,166236.38
577,Spain,Male,51.0,108867.0,1,0.0,0.0,140800.66
850,Spain,Male,71.0,69608.14,1,1.0,0.0,97893.4
732,Germany,Female,61.0,94867.18,2,1.0,1.0,157527.6
624,France,Male,55.0,118793.6,1,1.0,1.0,95022.02
727,France,Male,61.0,128213.96,2,1.0,1.0,188729.08
643,France,Male,45.0,0.0,1,1.0,0.0,142513.5
642,Germany,Female,39.0,128264.03,1,1.0,0.0,61792.76
705,Spain,Female,40.0,203715.15,1,1.0,0.0,179978.68
649,Spain,Female,49.0,0.0,1,1.0,0.0,84863.85
359,France,Female,44.0,128747.69,1,1.0,0.0,146955.71
670,France,Female,31.0,57530.06,1,1.0,1.0,181893.31
481,France,Female,57.0,0.0,3,1.0,1.0,169719.35
850,France,Female,62.0,124678.35,1,1.0,0.0,70916.0
687,Spain,Female,39.0,0.0,3,0.0,0.0,188150.6
580,Germany,Male,38.0,115442.19,2,1.0,0.0,128481.5
593,Germany,Female,32.0,134096.53,2,1.0,0.0,53931.05
637,Germany,Male,30.0,122185.53,1,1.0,0.0,102566.46
691,France,Female,60.0,101070.69,1,1.0,0.0,177355.8
616,Germany,Female,41.0,103560.57,1,1.0,0.0,236.45
605,France,Female,51.0,104760.82,1,1.0,1.0,165574.54
648,France,Female,54.0,120633.42,1,0.0,0.0,5924.38
546,Germany,Female,52.0,106074.89,1,1.0,1.0,23548.45
611,France,Female,61.0,131583.59,4,0.0,1.0,66238.23
616,Spain,Female,43.0,120867.18,1,1.0,0.0,18761.92
578,Germany,Female,31.0,102088.68,4,0.0,0.0,187866.21
358,Spain,Female,52.0,143542.36,3,1.0,0.0,141959.11
586,France,Male,58.0,151933.63,1,1.0,0.0,162960.05
571,France,Female,42.0,108825.34,3,1.0,0.0,55558.51
632,Germany,Male,41.0,126550.7,1,0.0,0.0,177644.52
533,Spain,Female,52.0,0.0,1,0.0,1.0,194113.99
849,France,Female,41.0,0.0,2,1.0,1.0,169203.51
783,Spain,Male,38.0,0.0,3,1.0,1.0,80178.54
581,Germany,Female,54.0,152508.99,1,1.0,0.0,187597.98
504,Germany,Female,43.0,102365.49,1,1.0,0.0,194690.77
641,France,Male,33.0,146193.6,2,1.0,1.0,55796.83
758,Germany,Male,68.0,112595.85,1,1.0,0.0,35865.44
544,Germany,Male,47.0,105245.21,1,0.0,0.0,99922.08
410,France,Male,33.0,125789.69,1,0.0,0.0,66333.56
584,Germany,Female,30.0,112013.81,1,1.0,0.0,177772.03
842,France,Female,37.0,132446.08,2,1.0,0.0,87071.18
560,France,Male,49.0,0.0,1,1.0,1.0,100075.1
648,Spain,Female,54.0,118241.02,1,1.0,0.0,172586.89
829,Germany,Female,27.0,112045.67,1,1.0,1.0,119708.21
514,Germany,Female,45.0,109032.23,1,0.0,1.0,155407.21
558,France,Female,41.0,0.0,1,1.0,1.0,143585.29
672,France,Male,52.0,170008.84,1,0.0,0.0,56407.42
563,Spain,Female,42.0,99056.22,2,1.0,0.0,154347.95
745,Germany,Female,44.0,119638.21,1,1.0,1.0,34265.08
693,Germany,Female,41.0,181461.48,3,1.0,1.0,187929.43
586,Germany,Male,46.0,106968.96,1,1.0,1.0,79366.98
850,Spain,Female,55.0,0.0,1,0.0,0.0,171762.87
771,Spain,Male,51.0,135506.58,3,1.0,1.0,152479.64
687,Spain,Female,44.0,0.0,3,1.0,0.0,155853.52
738,Spain,Male,44.0,0.0,2,1.0,0.0,43018.82
777,France,Female,30.0,137851.31,1,1.0,0.0,5008.23
593,Spain,Male,27.0,0.0,3,0.0,0.0,94620.0
719,Spain,Male,44.0,0.0,1,0.0,0.0,84972.9
785,Germany,Female,32.0,124493.03,2,0.0,1.0,52583.79
627,Germany,Female,39.0,124586.93,1,1.0,0.0,93132.61
660,Germany,Male,35.0,113948.58,1,1.0,0.0,188891.96
842,France,Male,44.0,141252.18,4,0.0,1.0,128521.16
521,Germany,Male,52.0,116497.31,3,0.0,0.0,53793.1
652,France,Male,48.0,59486.31,1,1.0,0.0,163944.18
839,France,Female,51.0,0.0,1,1.0,1.0,69101.23
649,Germany,Female,50.0,155393.32,1,1.0,1.0,87351.42
659,France,Female,44.0,23503.31,1,0.0,1.0,169862.01
628,Spain,Female,55.0,0.0,3,1.0,0.0,85890.75
588,Spain,Female,22.0,67178.19,1,1.0,1.0,163534.75
466,Germany,Female,56.0,111920.13,3,1.0,0.0,197634.11
659,France,Male,29.0,123192.12,1,1.0,1.0,56971.41
664,France,Male,48.0,0.0,1,1.0,0.0,140173.17
753,France,Male,46.0,0.0,3,1.0,0.0,90747.94
729,Germany,Male,46.0,117837.43,1,1.0,0.0,104016.61
681,France,Male,43.0,66338.68,1,1.0,1.0,18772.5
559,France,Male,45.0,24043.45,1,0.0,1.0,169781.45
513,France,Male,44.0,63562.02,2,0.0,1.0,52629.73
584,Germany,Female,54.0,77354.37,1,0.0,0.0,138192.98
435,France,Male,54.0,0.0,1,1.0,0.0,156910.46
790,Spain,Male,46.0,182364.53,1,0.0,0.0,139266.48
496,Germany,Female,59.0,91680.1,2,1.0,0.0,163141.18
576,Germany,Male,63.0,148843.56,1,1.0,0.0,69414.13
625,Spain,Female,57.0,0.0,1,0.0,0.0,84106.17
640,France,Male,43.0,132412.38,1,0.0,0.0,69584.3
722,France,Female,47.0,88011.4,1,1.0,1.0,90655.94
553,Germany,Male,53.0,127997.83,1,1.0,0.0,165378.66
633,France,Female,47.0,0.0,1,1.0,1.0,6342.84
434,Germany,Male,55.0,109339.17,2,1.0,0.0,96405.88
572,France,Male,43.0,140431.98,1,1.0,0.0,26450.57
605,Germany,Female,56.0,74129.18,2,1.0,1.0,62199.78
589,France,Female,61.0,0.0,1,1.0,0.0,61108.56
738,Germany,Male,58.0,133745.44,4,1.0,0.0,28373.86
637,Germany,Female,55.0,123378.2,1,1.0,0.0,81431.99
763,Germany,Female,32.0,108465.65,2,1.0,0.0,60552.44
782,Germany,Female,53.0,81571.05,1,1.0,0.0,182960.46
491,Germany,Female,57.0,112044.72,1,1.0,1.0,41229.73
544,Germany,Male,44.0,108895.93,1,0.0,0.0,69228.2
632,Germany,Male,48.0,126066.26,1,1.0,0.0,64345.61
681,Germany,Male,49.0,142946.18,1,0.0,0.0,187280.51
849,Germany,Female,49.0,132934.89,1,1.0,0.0,171056.65
532,France,Male,42.0,159024.71,1,1.0,0.0,100982.93
605,France,Female,51.0,136188.78,1,1.0,1.0,67110.59
699,Germany,Female,54.0,111009.32,1,1.0,1.0,155905.79
739,Germany,Male,40.0,149131.03,3,1.0,1.0,60036.99
510,Germany,Male,31.0,113688.63,1,1.0,0.0,33099.41
850,Germany,Male,42.0,119839.69,1,0.0,1.0,51016.02
580,Germany,Female,42.0,123331.36,1,0.0,0.0,103516.08
630,Germany,Female,51.0,108449.23,3,0.0,0.0,88372.69
705,France,Female,35.0,0.0,1,1.0,0.0,133991.11
565,Germany,Female,47.0,139756.12,1,1.0,0.0,165849.49
704,Germany,Female,54.0,133656.91,3,1.0,0.0,145071.33
647,Germany,Male,44.0,93960.35,1,1.0,0.0,36579.53
831,Germany,Male,44.0,111100.98,1,1.0,1.0,28144.07
708,Germany,Female,43.0,118994.84,1,1.0,0.0,181499.77
790,France,Female,47.0,148636.21,1,0.0,1.0,16119.96
625,France,Male,36.0,108546.16,3,1.0,0.0,133807.77
579,Germany,Female,39.0,117833.3,3,0.0,0.0,5831.0
560,Spain,Female,43.0,95140.44,2,1.0,0.0,123181.44
682,France,Male,28.0,200724.96,1,0.0,1.0,82872.64
506,France,Female,57.0,0.0,2,0.0,1.0,194421.12
592,Spain,Male,35.0,80285.16,1,1.0,0.0,72678.75
704,Germany,Male,27.0,147004.34,1,1.0,0.0,64381.33
645,Germany,Male,47.0,152076.93,1,1.0,0.0,121840.2
545,Germany,Male,53.0,114421.55,1,1.0,0.0,180598.28
608,France,Female,33.0,0.0,1,1.0,0.0,79304.38
813,Germany,Female,29.0,106059.4,1,0.0,0.0,187976.88
802,France,Female,60.0,92887.06,1,1.0,0.0,39473.63
732,Germany,Female,48.0,102962.62,1,1.0,0.0,120852.85
680,Germany,Female,48.0,115115.38,1,1.0,0.0,139558.6
525,Germany,Female,47.0,118087.68,1,1.0,0.0,88120.78
751,Germany,Male,50.0,96888.39,1,1.0,0.0,77206.25
841,Germany,Female,52.0,112383.03,1,1.0,0.0,85516.37
719,Germany,Female,42.0,137227.04,3,1.0,0.0,149097.38
529,Spain,Male,38.0,99842.5,2,1.0,0.0,90256.06
701,Germany,Male,63.0,120916.52,3,0.0,0.0,144727.45
646,Spain,Female,50.0,142644.64,2,1.0,1.0,142208.5
590,France,Female,54.0,0.0,2,1.0,1.0,93820.49
723,Spain,Male,30.0,0.0,3,1.0,0.0,164647.72
674,France,Male,45.0,144889.18,1,1.0,1.0,102591.9
618,France,Female,37.0,96652.86,1,1.0,0.0,98686.4
615,Spain,Male,61.0,0.0,2,1.0,0.0,150227.85
532,France,Male,43.0,0.0,2,0.0,0.0,190573.91
604,Germany,Female,47.0,118907.6,1,0.0,1.0,47777.15
523,France,Female,40.0,102967.41,1,1.0,0.0,128702.1
443,France,Female,35.0,108308.0,1,1.0,0.0,129031.19
651,France,Male,56.0,0.0,1,1.0,0.0,114522.68
645,Germany,Male,41.0,93925.3,1,1.0,0.0,123982.14
616,France,Female,66.0,135842.41,1,1.0,0.0,183840.51
599,Germany,Male,46.0,123444.72,1,1.0,1.0,31368.08
484,Germany,Male,54.0,134388.11,1,0.0,0.0,49954.79
627,France,Female,41.0,0.0,3,1.0,1.0,138700.75
405,France,Male,39.0,0.0,1,1.0,0.0,160810.85
781,France,Female,48.0,57098.96,1,1.0,0.0,85644.06
619,Germany,Male,57.0,137946.39,1,1.0,1.0,72467.99
754,Germany,Female,55.0,161608.81,1,1.0,0.0,8080.85
577,Germany,Female,44.0,152086.15,1,0.0,1.0,44719.5
637,Spain,Male,43.0,0.0,1,1.0,0.0,12156.93
667,Germany,Male,43.0,103018.45,1,1.0,0.0,32462.39
777,France,Female,29.0,131240.61,1,1.0,1.0,163746.09
518,Spain,Male,50.0,0.0,1,0.0,0.0,107112.25
626,France,Male,38.0,141074.59,1,1.0,0.0,52795.56
588,Germany,Female,40.0,125534.51,1,1.0,0.0,121504.18
746,France,Male,48.0,165282.42,1,1.0,0.0,153786.46
635,Germany,Male,53.0,117005.55,1,0.0,1.0,123646.57
595,Spain,Male,35.0,0.0,1,1.0,0.0,100015.79
694,Germany,Female,37.0,98218.04,2,1.0,0.0,182354.46
662,Spain,Female,54.0,187997.15,1,0.0,0.0,111442.71
765,Germany,Male,43.0,148962.76,1,0.0,1.0,173878.87
646,Germany,Female,57.0,90212.0,1,1.0,0.0,13911.27
568,Germany,Male,46.0,150836.92,1,0.0,0.0,64516.8
648,Spain,Female,49.0,0.0,2,1.0,1.0,159835.78
559,Spain,Male,67.0,125919.35,1,1.0,0.0,175910.95
678,Germany,Male,32.0,139626.01,1,1.0,1.0,118235.52
590,France,Female,60.0,147751.75,1,1.0,0.0,88206.04
650,Spain,Male,42.0,194532.66,1,1.0,0.0,171045.31
788,Germany,Female,57.0,93716.72,1,1.0,1.0,180150.49
630,France,Male,55.0,0.0,1,1.0,1.0,106202.07
579,Spain,Male,43.0,145843.82,1,1.0,1.0,198402.37
561,France,Male,43.0,0.0,4,0.0,0.0,18522.91
713,France,Male,33.0,94598.48,1,0.0,0.0,197519.66
719,Spain,Female,47.0,116393.59,1,1.0,0.0,63051.32
753,Germany,Male,44.0,138076.47,1,1.0,0.0,15523.09
690,Germany,Female,54.0,144027.8,1,1.0,1.0,108731.02
822,France,Male,38.0,128289.7,3,1.0,0.0,9149.96
750,France,Male,36.0,136492.92,3,1.0,1.0,26500.29
678,France,Male,26.0,111128.04,1,1.0,0.0,60941.27
551,France,Female,59.0,166968.28,1,1.0,0.0,159483.76
590,Spain,Female,37.0,64345.21,1,0.0,1.0,61759.33
517,Germany,Male,53.0,109172.88,1,1.0,0.0,54676.1
549,Germany,Male,41.0,95020.8,3,1.0,1.0,131710.59
497,France,Female,29.0,85646.81,1,0.0,0.0,63233.02
754,France,Male,61.0,146622.35,1,1.0,1.0,41815.22
581,France,Male,54.0,89299.81,1,0.0,0.0,5558.47
475,France,Male,39.0,0.0,1,1.0,1.0,56999.9
584,France,Female,66.0,0.0,1,1.0,0.0,49553.38
526,Germany,Female,35.0,118536.4,1,1.0,0.0,40980.87
649,France,Female,45.0,92786.66,1,1.0,0.0,173365.9
749,Spain,Male,34.0,0.0,1,0.0,0.0,174189.04
550,Germany,Female,42.0,128707.31,1,1.0,0.0,63092.65
850,Spain,Female,45.0,174088.3,4,1.0,0.0,5669.31
548,France,Female,28.0,116755.5,2,1.0,1.0,158585.17
564,France,Male,40.0,0.0,1,1.0,0.0,85455.62
579,Spain,Male,33.0,0.0,1,1.0,0.0,94993.04
491,Germany,Female,68.0,95039.12,1,0.0,1.0,116471.14
644,France,Female,40.0,137285.26,4,1.0,0.0,77063.63
537,France,Female,45.0,158621.04,1,1.0,0.0,120892.96
833,Germany,Male,59.0,130854.59,1,1.0,1.0,30722.52
706,Spain,Female,46.0,127660.46,2,1.0,0.0,150156.82
768,Germany,Male,48.0,122831.58,1,1.0,1.0,24533.89
581,Germany,Male,38.0,133105.47,1,1.0,0.0,105732.9
350,Germany,Male,39.0,109733.2,2,0.0,0.0,123602.11
850,France,Male,55.0,0.0,1,1.0,0.0,944.41
817,Germany,Female,46.0,89087.89,1,0.0,1.0,87941.85
570,France,Female,58.0,0.0,1,0.0,1.0,116503.92
661,Germany,Female,47.0,109493.62,1,0.0,0.0,188324.01
638,Germany,Male,42.0,145177.84,1,1.0,0.0,193471.74
619,France,Male,44.0,116967.68,1,1.0,0.0,5075.17
600,France,Female,37.0,0.0,3,1.0,0.0,7312.25
752,France,Female,41.0,0.0,2,1.0,0.0,139844.04
598,Germany,Male,59.0,118210.42,2,0.0,0.0,60192.14
568,Spain,Female,36.0,153610.61,1,1.0,1.0,54083.8
480,France,Female,40.0,0.0,1,1.0,0.0,170332.67
742,France,Female,28.0,191864.51,1,1.0,0.0,108457.99
657,Spain,Female,22.0,0.0,3,0.0,1.0,168412.07
686,France,Male,60.0,0.0,3,1.0,1.0,75246.21
514,France,Male,38.0,112230.38,1,1.0,0.0,16717.11
727,Germany,Male,36.0,140418.81,1,1.0,1.0,113033.73
815,France,Male,45.0,0.0,1,0.0,1.0,52885.23
651,France,Male,35.0,74623.5,3,1.0,0.0,129451.29
742,Germany,Female,36.0,129748.54,2,0.0,0.0,47271.61
749,Germany,Female,29.0,137059.05,3,1.0,0.0,102975.72
603,France,Male,32.0,0.0,1,1.0,0.0,198055.94
648,Germany,Female,51.0,116574.84,1,1.0,0.0,4121.04
662,France,Female,36.0,166909.2,2,1.0,0.0,138871.12
420,Germany,Female,34.0,135549.9,1,0.0,0.0,149471.13
507,Germany,Male,31.0,134237.07,1,1.0,1.0,166423.66
705,Germany,Female,43.0,146547.78,1,0.0,1.0,10072.55
408,France,Female,84.0,87873.39,1,0.0,0.0,188484.52
648,Spain,Male,46.0,127209.0,2,1.0,0.0,77405.95
589,Germany,Male,55.0,119961.48,1,1.0,0.0,65156.83
492,Germany,Female,52.0,125396.24,1,1.0,0.0,10014.72
644,France,Male,50.0,76817.0,4,1.0,0.0,196371.13
467,Germany,Male,51.0,114514.71,2,1.0,0.0,177784.68
591,Spain,Female,40.0,86376.29,1,0.0,1.0,136767.16
585,France,Male,55.0,106415.57,3,1.0,1.0,122960.98
606,France,Male,36.0,155655.46,1,1.0,1.0,192387.51
579,Germany,Female,50.0,117721.02,1,0.0,1.0,192146.63
618,Germany,Female,40.0,140306.38,1,1.0,0.0,160618.61
703,France,Male,56.0,0.0,1,0.0,0.0,85547.33
490,France,Male,39.0,0.0,3,1.0,0.0,171060.01
673,France,Male,59.0,178058.06,2,0.0,1.0,21063.71
824,Germany,Male,60.0,134250.17,3,0.0,0.0,153046.16
805,France,Male,46.0,118022.06,3,1.0,0.0,162643.15
642,Germany,Male,49.0,120688.61,1,1.0,0.0,24770.22
479,Germany,Male,51.0,107714.74,3,1.0,0.0,86128.21
546,France,Female,52.0,0.0,1,1.0,0.0,137332.37
754,Germany,Female,48.0,141819.02,1,1.0,0.0,93550.53
601,France,Female,43.0,0.0,3,0.0,1.0,110916.15
612,Spain,Female,63.0,131629.17,2,1.0,0.0,122109.58
570,Germany,Male,38.0,127201.58,1,1.0,0.0,147168.28
675,Germany,Female,33.0,141816.25,1,1.0,0.0,64815.05
565,Germany,Female,58.0,108888.24,3,0.0,1.0,135875.51
738,Germany,Male,43.0,121152.05,2,1.0,0.0,64166.7
570,Germany,Female,50.0,129293.74,1,1.0,0.0,177805.44
367,Spain,Male,42.0,93608.28,1,1.0,0.0,168816.73
658,France,Female,35.0,126397.66,1,0.0,0.0,156361.58
479,Germany,Male,35.0,138718.92,1,1.0,1.0,47251.79
714,France,Female,52.0,0.0,1,0.0,1.0,144045.08
676,France,Female,37.0,89634.69,1,1.0,1.0,169583.18
637,Spain,Female,45.0,157929.45,1,1.0,1.0,145134.49
559,Spain,Male,24.0,114739.92,1,1.0,0.0,85891.02
703,France,Male,37.0,149762.08,1,1.0,0.0,20629.4
587,Germany,Female,45.0,134980.74,1,1.0,1.0,123309.57
651,Spain,Female,46.0,89743.05,1,1.0,0.0,156425.57
445,Spain,Male,62.0,64119.38,1,1.0,1.0,76569.64
757,Germany,Female,30.0,161378.02,1,0.0,0.0,71926.28
561,France,Female,27.0,135637.0,1,1.0,0.0,153080.4
652,France,Female,51.0,0.0,1,1.0,0.0,173989.47
742,Germany,Female,44.0,107926.02,1,0.0,1.0,17375.27
606,Spain,Male,35.0,0.0,1,1.0,0.0,106837.06
688,Spain,Male,36.0,89772.3,1,1.0,0.0,177383.68
621,France,Female,50.0,0.0,2,1.0,0.0,191756.54
350,Spain,Male,54.0,152677.48,1,1.0,1.0,191973.49
607,Spain,Female,33.0,108431.87,2,0.0,1.0,109291.39
758,Germany,Female,61.0,125397.21,1,1.0,0.0,182184.09
709,France,Female,36.0,0.0,1,0.0,1.0,42085.58
713,France,Male,53.0,115029.4,1,0.0,0.0,191521.32
740,Germany,Female,57.0,113386.36,2,1.0,1.0,65121.63
747,France,Male,42.0,80214.36,1,1.0,0.0,115241.96
376,France,Female,46.0,0.0,1,1.0,0.0,157333.69
779,Germany,Male,33.0,158456.76,1,1.0,1.0,197000.92
703,France,Female,51.0,0.0,3,1.0,1.0,77294.56
698,Spain,Female,50.0,0.0,4,1.0,0.0,88566.9
850,Germany,Female,45.0,127258.79,1,1.0,1.0,192744.23
653,France,Male,51.0,0.0,1,1.0,0.0,170426.65
605,Spain,Female,57.0,0.0,3,1.0,0.0,66652.75
815,France,Female,56.0,0.0,3,1.0,1.0,94248.16
696,France,Male,42.0,0.0,1,0.0,0.0,126353.13
618,France,Female,46.0,150213.71,1,1.0,0.0,120668.46
694,Germany,Male,31.0,109052.59,2,1.0,1.0,19448.93
698,France,Male,57.0,136325.48,2,1.0,1.0,72549.27
526,Spain,Female,33.0,114634.63,2,1.0,0.0,110114.38
635,Germany,Male,37.0,113488.68,1,1.0,0.0,95611.74
724,Spain,Female,41.0,142880.28,3,0.0,0.0,185541.2
724,Germany,Male,33.0,88046.88,1,0.0,1.0,186942.49
727,Spain,Male,71.0,0.0,1,1.0,1.0,198446.91
608,Germany,Female,44.0,126147.84,1,0.0,1.0,132424.69
469,France,Female,48.0,0.0,1,1.0,0.0,160529.71
698,France,Male,48.0,101238.24,2,0.0,1.0,177815.87
704,Spain,Female,24.0,0.0,1,1.0,0.0,35600.25
635,France,Male,33.0,0.0,3,0.0,0.0,178067.33
689,France,Male,47.0,93871.95,3,1.0,0.0,156878.42
675,France,Male,54.0,0.0,1,1.0,0.0,110273.84
670,Spain,Female,65.0,0.0,1,1.0,1.0,177655.68
651,France,Male,44.0,0.0,3,1.0,0.0,102530.35
513,France,Male,35.0,0.0,1,1.0,0.0,76640.29
547,Germany,Female,39.0,74596.15,3,1.0,1.0,85746.52
447,France,Male,41.0,0.0,4,1.0,1.0,197490.39
554,Spain,Male,30.0,135370.12,1,1.0,1.0,179689.05
404,Germany,Female,54.0,125456.07,1,1.0,0.0,83715.66
579,Spain,Male,56.0,99340.83,1,0.0,0.0,4523.74
632,Spain,Male,37.0,138207.08,1,1.0,0.0,60778.11
559,Spain,Male,38.0,145874.35,1,1.0,0.0,56311.39
642,Germany,Female,56.0,103244.86,2,1.0,0.0,143049.72
523,France,Female,73.0,0.0,2,0.0,0.0,130883.9
598,France,Male,64.0,0.0,2,1.0,0.0,195635.3
535,Germany,Male,48.0,134542.73,1,1.0,1.0,58203.67
668,Germany,Male,56.0,110993.79,1,1.0,0.0,134396.64
686,Spain,Male,45.0,74274.87,3,1.0,0.0,64907.48
753,Spain,Male,51.0,79811.72,2,0.0,1.0,68260.27
656,Germany,Female,46.0,141535.52,1,1.0,0.0,50595.15
657,Germany,Male,57.0,107174.58,1,1.0,1.0,126369.55
556,France,Female,43.0,0.0,3,0.0,0.0,125154.57
633,Germany,Male,58.0,128137.42,2,1.0,0.0,147635.33
714,Germany,Male,54.0,137986.58,2,0.0,1.0,51308.54
573,Spain,Male,50.0,159304.07,1,0.0,1.0,155915.24
664,Germany,Female,49.0,127421.78,2,1.0,0.0,108876.75
553,Spain,Female,48.0,0.0,1,0.0,1.0,30730.95
667,Germany,Female,37.0,92171.35,3,1.0,0.0,178106.34
715,France,Male,41.0,94267.9,1,0.0,1.0,152821.12
655,Germany,Male,41.0,125561.97,1,0.0,0.0,164040.94
704,France,Male,50.0,165438.26,1,1.0,0.0,120770.75
678,France,Female,41.0,143443.61,1,1.0,0.0,196622.28
553,Spain,Male,47.0,116528.15,1,0.0,0.0,145704.19
730,France,Female,47.0,0.0,1,1.0,0.0,33373.26
599,Germany,Male,61.0,124737.96,1,0.0,1.0,90389.61
602,France,Female,56.0,115895.22,3,1.0,0.0,4176.17
679,France,Female,39.0,0.0,1,0.0,0.0,172939.3
549,Germany,Male,36.0,139422.37,1,0.0,0.0,83983.39
504,Germany,Male,56.0,104217.3,1,0.0,0.0,55857.48
771,France,Female,57.0,0.0,1,0.0,0.0,85876.67
559,France,Male,52.0,0.0,1,1.0,0.0,129013.59
504,Germany,Female,44.0,131873.07,2,1.0,1.0,158036.72
769,Germany,Male,34.0,115101.5,1,0.0,0.0,57841.89
595,France,Female,53.0,0.0,2,1.0,0.0,41371.68
714,Germany,Female,49.0,93059.34,1,1.0,0.0,7571.51
642,Germany,Female,40.0,129502.49,2,0.0,1.0,86099.23
628,Germany,Female,61.0,97361.66,1,1.0,1.0,149922.38
780,Germany,Female,37.0,95196.26,1,1.0,0.0,126310.39
712,Germany,Female,40.0,109308.79,2,1.0,0.0,120158.72
679,France,Female,43.0,0.0,3,1.0,0.0,115136.51
564,Germany,Female,62.0,114931.35,3,0.0,1.0,18260.98
509,France,Female,46.0,0.0,1,1.0,0.0,71244.59
630,France,Female,40.0,118633.08,1,0.0,1.0,60032.46
680,Germany,Male,34.0,146422.22,1,1.0,0.0,67142.97
533,Germany,Female,49.0,102286.6,3,1.0,0.0,69409.37
734,France,Female,54.0,0.0,1,1.0,0.0,130805.54
788,France,Male,55.0,0.0,1,0.0,1.0,13288.46
670,Spain,Female,57.0,175575.95,2,1.0,0.0,99061.75
569,France,Male,66.0,0.0,1,1.0,0.0,130784.2
686,France,Female,41.0,0.0,1,1.0,1.0,144272.71
850,France,Male,58.0,156652.13,1,0.0,0.0,25899.21
850,Germany,Female,36.0,143644.16,1,1.0,0.0,22102.25
717,Spain,Male,35.0,0.0,3,0.0,0.0,174770.14
817,Germany,Male,45.0,101207.75,1,0.0,0.0,88211.12
637,Germany,Male,51.0,104682.83,1,1.0,0.0,55266.96
652,Germany,Male,50.0,125437.64,1,1.0,1.0,17160.94
350,France,Female,60.0,0.0,1,0.0,0.0,113796.15
667,France,Male,42.0,0.0,1,0.0,1.0,108348.94
601,Germany,Female,48.0,120782.7,1,1.0,0.0,63940.68
484,Germany,Female,55.0,149349.58,3,0.0,0.0,137519.92
689,Germany,Female,40.0,78119.59,4,1.0,0.0,119259.34
587,Germany,Female,44.0,125584.17,2,1.0,1.0,41852.24
807,France,Male,43.0,105799.32,2,1.0,0.0,34888.04
662,Spain,Female,35.0,0.0,2,0.0,0.0,2423.9
525,France,Female,59.0,55328.4,1,1.0,0.0,83342.73
817,France,Male,44.0,0.0,1,0.0,0.0,65501.91
498,Germany,Female,41.0,87541.06,2,1.0,1.0,12577.21
655,Germany,Female,44.0,146498.76,1,1.0,0.0,64853.51
603,Germany,Male,35.0,123407.69,1,1.0,0.0,152541.89
648,Spain,Female,43.0,81153.82,1,1.0,1.0,144532.85
652,France,Female,31.0,103696.97,3,0.0,0.0,155221.05
720,France,Female,45.0,102882.4,2,1.0,1.0,35633.15
544,France,Female,64.0,124043.8,1,1.0,1.0,111402.97
649,Germany,Female,37.0,114737.26,1,1.0,1.0,106655.88
700,Germany,Female,40.0,148571.07,1,1.0,0.0,189826.96
643,France,Female,51.0,105229.53,1,1.0,0.0,34967.75
661,Germany,Male,37.0,109908.06,2,1.0,0.0,115037.67
667,Spain,Female,23.0,136100.69,2,0.0,0.0,169669.33
720,Germany,Female,29.0,106230.92,1,1.0,1.0,69903.93
465,Germany,Male,53.0,117438.17,1,0.0,0.0,74898.8
580,Germany,Female,36.0,145387.32,2,1.0,1.0,169963.2
598,France,Male,60.0,0.0,1,1.0,0.0,197727.14
495,Germany,Female,34.0,117160.32,1,1.0,1.0,116069.24
459,Germany,Male,48.0,133994.52,1,1.0,1.0,19287.06
745,France,Female,55.0,110123.59,1,0.0,1.0,51548.14
832,France,Male,61.0,0.0,1,0.0,1.0,127804.66
528,Germany,Male,39.0,127631.62,1,0.0,1.0,22197.8
682,France,Female,35.0,181166.44,1,1.0,1.0,63737.19
607,France,Female,48.0,112070.86,3,1.0,0.0,173568.3
728,Germany,Male,45.0,108924.33,2,1.0,0.0,84300.4
850,France,Male,47.0,0.0,1,1.0,0.0,187391.02
497,Germany,Female,32.0,111537.23,4,1.0,1.0,9497.99
783,Spain,Female,44.0,81811.71,1,1.0,0.0,164213.53
741,France,Male,42.0,106036.52,1,1.0,0.0,194686.78
717,France,Male,36.0,148061.89,1,1.0,0.0,179128.69
515,France,Male,48.0,129387.94,1,0.0,1.0,147955.91
685,Germany,Female,44.0,119657.53,1,1.0,0.0,145387.05
747,Spain,Male,41.0,0.0,1,1.0,0.0,32430.94
430,Germany,Male,49.0,137115.16,1,1.0,0.0,146516.86
694,Spain,Female,35.0,0.0,1,1.0,0.0,133570.43
630,Germany,Male,29.0,131354.39,1,0.0,1.0,9324.31
622,Spain,Female,46.0,107073.27,2,1.0,1.0,30984.59
633,Spain,Male,63.0,114552.6,1,1.0,0.0,73856.28
798,France,Female,60.0,96956.1,1,1.0,0.0,31907.44
428,Germany,Female,40.0,129248.11,2,1.0,0.0,72876.43
785,Spain,Female,61.0,129855.72,2,1.0,0.0,170214.82
575,Germany,Male,47.0,107915.94,2,1.0,1.0,63452.18
603,Spain,Female,56.0,90778.76,2,1.0,0.0,162223.67
536,France,Female,61.0,65190.29,1,1.0,1.0,64308.49
678,France,Female,60.0,117738.81,1,1.0,0.0,147489.76
516,France,Female,46.0,62212.29,1,0.0,1.0,171681.86
550,Germany,Male,33.0,118400.91,1,0.0,1.0,13999.64
557,France,Female,39.0,49572.73,1,1.0,0.0,115287.99
669,Germany,Female,50.0,112650.89,1,0.0,0.0,166386.22
574,Germany,Male,54.0,99774.5,1,0.0,0.0,4896.11
618,France,Male,48.0,0.0,1,1.0,0.0,13921.82
432,Germany,Female,45.0,110219.14,1,1.0,0.0,43046.7
710,France,Male,43.0,128284.45,1,1.0,0.0,32996.89
591,Germany,Female,51.0,132508.3,1,1.0,1.0,161304.68
591,France,Female,56.0,128882.49,1,1.0,1.0,196241.94
476,Germany,Female,34.0,111905.43,1,0.0,1.0,197221.81
469,Spain,Female,31.0,0.0,1,1.0,0.0,146213.75
747,Germany,Male,37.0,135776.36,3,1.0,0.0,85470.45
659,Spain,Female,42.0,0.0,1,0.0,0.0,162734.31
677,Germany,Male,28.0,143988.0,2,1.0,0.0,8755.69
508,France,Male,49.0,93817.41,2,1.0,1.0,132468.76
543,Germany,Male,41.0,143350.41,1,1.0,1.0,192070.16
665,Germany,Female,45.0,155447.65,2,1.0,0.0,51871.95
641,France,Female,48.0,147341.43,1,1.0,1.0,157458.61
735,Spain,Male,50.0,0.0,1,0.0,0.0,166677.35
670,France,Male,36.0,0.0,1,1.0,0.0,140754.19
586,France,Female,60.0,47020.65,2,0.0,1.0,63241.21
667,Spain,Male,71.0,137260.78,1,0.0,1.0,94433.08
612,Spain,Female,52.0,144772.69,1,0.0,0.0,98302.57
511,France,Male,45.0,68375.27,1,1.0,0.0,193160.25
550,France,Female,40.0,150490.32,1,0.0,0.0,166468.21
713,Germany,Female,38.0,144606.22,1,1.0,1.0,56594.36
531,France,Female,53.0,127642.44,1,1.0,0.0,141501.45
559,France,Female,46.0,0.0,1,1.0,0.0,21006.1
720,Germany,Female,57.0,162082.31,4,0.0,0.0,27145.73
676,France,Female,40.0,147803.48,1,1.0,0.0,95181.06
545,Spain,Male,36.0,73211.12,2,1.0,0.0,89587.34
678,Germany,Male,55.0,129646.91,1,1.0,1.0,184125.1
625,France,Female,45.0,0.0,1,1.0,1.0,184474.15
557,France,Male,42.0,177822.03,1,1.0,0.0,150944.31
534,France,Male,62.0,0.0,2,0.0,0.0,42763.12
673,France,Female,38.0,170061.92,2,0.0,0.0,134901.34
736,Germany,Male,50.0,116309.01,1,1.0,0.0,185360.4
549,Germany,Female,55.0,137592.31,2,0.0,1.0,116548.02
453,Spain,Female,42.0,0.0,3,1.0,0.0,83008.49
717,Spain,Female,49.0,110864.38,2,1.0,1.0,124532.9
640,Germany,Female,43.0,94752.49,1,1.0,0.0,184006.36
790,Germany,Male,50.0,121438.58,1,1.0,1.0,176471.78
807,France,Female,47.0,167664.83,1,0.0,0.0,125440.11
654,France,Male,32.0,121455.65,1,1.0,0.0,190068.53
579,Germany,Male,42.0,144386.32,1,1.0,1.0,22497.1
731,Spain,Female,40.0,171325.98,1,1.0,1.0,159718.27
615,France,Male,36.0,0.0,1,1.0,1.0,27011.8
743,France,Male,43.0,0.0,2,0.0,0.0,113079.19
809,Spain,Female,48.0,0.0,1,1.0,0.0,160976.85
550,Germany,Male,49.0,108806.96,3,1.0,0.0,61446.92
833,Spain,Male,32.0,0.0,1,1.0,1.0,44323.22
653,France,Male,47.0,0.0,1,1.0,0.0,50695.93
585,Germany,Male,50.0,125845.66,1,1.0,0.0,9439.31
614,Germany,Female,44.0,118715.86,1,1.0,0.0,133591.11
468,France,Female,56.0,0.0,3,0.0,1.0,62256.87
629,Germany,Male,40.0,121647.54,2,1.0,1.0,64849.74
537,Germany,Female,37.0,158411.95,4,1.0,1.0,117690.58
850,France,Female,55.0,98488.08,1,1.0,0.0,155879.57
562,France,Female,57.0,0.0,3,1.0,0.0,6554.97
373,France,Male,42.0,0.0,1,1.0,0.0,77786.37
773,Germany,Male,47.0,118079.47,4,1.0,1.0,143007.49
590,France,Male,43.0,81076.8,2,1.0,1.0,182627.25
656,France,Female,48.0,0.0,2,1.0,1.0,85240.61
748,France,Female,39.0,132865.56,1,1.0,1.0,59636.43
444,France,Female,45.0,0.0,2,1.0,0.0,161653.5
518,Germany,Male,29.0,125961.74,2,1.0,0.0,160303.08
707,Germany,Female,48.0,105086.74,1,1.0,1.0,180344.69
454,Germany,Female,50.0,92895.56,1,1.0,0.0,154344.0
679,France,Male,47.0,198546.1,2,1.0,0.0,191198.92
569,Spain,Female,42.0,0.0,1,1.0,1.0,83629.6
608,Spain,Female,63.0,139529.93,2,1.0,1.0,175696.16
770,Germany,Male,45.0,110765.68,1,1.0,0.0,26163.74
687,France,Female,44.0,0.0,2,0.0,0.0,103042.2
607,Spain,Female,62.0,108004.64,1,1.0,1.0,23386.77
517,France,Male,62.0,43772.66,3,1.0,0.0,187756.24
565,France,Male,55.0,118803.35,2,1.0,1.0,128124.7
545,Spain,Female,39.0,0.0,1,0.0,0.0,38410.74
610,Germany,Male,49.0,113882.33,1,1.0,0.0,195813.81
692,France,Female,36.0,0.0,1,1.0,0.0,185580.89
626,France,Female,52.0,0.0,2,1.0,0.0,32159.46
737,France,Male,43.0,80090.93,1,1.0,0.0,39920.0
667,France,Male,43.0,190227.46,1,1.0,0.0,97508.04
688,Spain,Female,33.0,0.0,1,0.0,0.0,27557.18
685,France,Female,50.0,94238.75,2,1.0,1.0,50664.07
588,Germany,Female,35.0,103060.63,1,1.0,0.0,179866.01
682,Germany,Female,38.0,116520.28,1,1.0,1.0,49833.5
580,Germany,Male,44.0,143391.07,1,0.0,0.0,146891.07
585,France,Female,35.0,0.0,2,1.0,0.0,98621.04
665,Germany,Female,37.0,111911.63,1,1.0,1.0,110359.68
460,Germany,Female,40.0,119507.58,2,1.0,0.0,91560.63
544,France,Female,26.0,0.0,1,1.0,0.0,100200.4
649,Spain,Male,32.0,0.0,1,0.0,1.0,91167.19
705,Germany,Female,44.0,106731.58,1,1.0,0.0,137419.87
495,Spain,Female,45.0,89158.94,3,1.0,0.0,135169.76
735,Germany,Male,46.0,106344.95,1,1.0,0.0,114371.33
620,Germany,Male,39.0,159492.79,1,1.0,0.0,80582.34
713,Spain,Female,48.0,163760.82,1,0.0,0.0,157381.14
529,France,Female,43.0,123815.86,1,1.0,1.0,78463.99
511,Germany,Male,48.0,149726.08,1,0.0,0.0,88307.87
721,Germany,Female,45.0,138523.2,1,0.0,0.0,59604.45
619,France,Female,42.0,0.0,1,1.0,1.0,101348.88
727,Germany,Male,45.0,114422.85,2,1.0,1.0,104678.78
616,Spain,Female,36.0,0.0,1,1.0,1.0,12916.32
438,Germany,Male,59.0,127197.14,1,1.0,0.0,51565.98
813,Germany,Female,36.0,98088.09,1,0.0,1.0,26687.22
746,France,Male,58.0,0.0,3,1.0,1.0,80344.96
594,Germany,Female,23.0,104753.84,2,1.0,0.0,56756.52
527,Spain,Female,35.0,0.0,1,1.0,0.0,98031.53
706,Germany,Female,46.0,111288.18,1,1.0,1.0,149170.25
573,Germany,Female,47.0,152522.47,1,0.0,1.0,164038.07
774,France,Male,60.0,85891.55,1,1.0,0.0,74135.48
596,Germany,Male,48.0,131326.47,1,0.0,0.0,1140.02
726,France,Female,48.0,0.0,1,1.0,0.0,114020.06
677,Germany,Male,34.0,126729.41,1,1.0,1.0,26106.39
762,Germany,Male,56.0,100260.88,3,1.0,1.0,77142.42
552,France,Male,49.0,0.0,1,1.0,1.0,190296.76
595,Germany,Female,64.0,105736.32,1,1.0,1.0,89935.73
835,France,Male,23.0,0.0,1,1.0,0.0,19793.73
660,France,Female,43.0,0.0,1,0.0,1.0,112026.1
654,Spain,Female,32.0,0.0,1,1.0,1.0,51972.92
637,Germany,Male,40.0,154309.67,1,1.0,1.0,125334.16
606,Germany,Female,41.0,132670.53,1,1.0,0.0,156476.36
443,France,Female,54.0,138547.97,1,1.0,1.0,70196.23
521,France,Male,38.0,110641.18,1,0.0,1.0,136507.69
765,France,Female,50.0,126547.8,1,1.0,1.0,79579.94
453,France,Male,29.0,0.0,1,0.0,0.0,198376.02
549,France,Female,52.0,0.0,1,0.0,1.0,8636.05
663,Germany,Male,49.0,116150.65,3,1.0,1.0,84358.71
494,Spain,Female,41.0,69974.66,2,1.0,0.0,188426.13
666,Spain,Female,47.0,0.0,1,0.0,0.0,166650.9
664,France,Male,54.0,0.0,1,1.0,1.0,162719.69
645,Germany,Female,41.0,138881.04,1,1.0,0.0,129936.53
729,Germany,Male,39.0,127415.85,1,1.0,1.0,184977.2
641,France,Female,52.0,0.0,1,1.0,0.0,90964.54
376,Germany,Female,29.0,115046.74,4,1.0,0.0,119346.88
752,Spain,Male,48.0,116060.08,1,1.0,0.0,156618.38
476,France,Male,37.0,0.0,1,1.0,1.0,55775.84
613,Germany,Female,20.0,117356.19,1,0.0,0.0,113557.7
582,Spain,Female,46.0,67563.31,1,1.0,0.0,44506.09
735,Germany,Female,43.0,98807.45,1,0.0,0.0,184570.04
554,Spain,Female,46.0,87603.35,3,0.0,1.0,96929.24
512,Germany,Male,41.0,122403.24,1,0.0,1.0,37439.9
640,France,Female,47.0,89799.46,2,0.0,1.0,13783.77
711,Spain,Male,37.0,0.0,2,1.0,0.0,83978.86
706,Germany,Female,47.0,144090.42,1,1.0,0.0,140938.95
659,France,Female,50.0,0.0,1,1.0,0.0,183399.12
629,France,Female,37.0,99546.25,3,0.0,1.0,25136.95
692,France,Male,29.0,0.0,1,1.0,0.0,76755.99
555,Germany,Female,51.0,138214.5,1,1.0,0.0,198715.27
747,France,Male,49.0,202904.64,1,1.0,1.0,17298.72
760,Germany,Female,49.0,91502.99,1,1.0,0.0,117232.9
646,Germany,Female,44.0,113063.83,1,0.0,0.0,53072.49
592,Germany,Female,70.0,71816.74,2,1.0,0.0,105096.82
487,France,Male,53.0,199689.49,1,1.0,1.0,24207.86
707,Spain,Male,48.0,88441.64,1,1.0,1.0,119903.2
625,France,Female,36.0,0.0,2,1.0,0.0,41295.1
705,Germany,Female,56.0,143249.67,1,1.0,0.0,88428.41
750,Spain,Female,34.0,112822.26,1,0.0,0.0,150401.53
683,France,Female,42.0,148283.94,1,1.0,1.0,44692.63
586,France,Female,46.0,0.0,3,0.0,1.0,131553.82
669,France,Female,35.0,0.0,1,1.0,1.0,49108.23
698,France,Female,40.0,105061.74,3,1.0,0.0,107815.31
504,France,Female,49.0,0.0,3,0.0,1.0,87822.14
820,France,Female,39.0,104614.29,1,1.0,0.0,61538.43
507,Germany,Male,40.0,120105.43,1,1.0,0.0,92075.01
598,Germany,Female,50.0,88379.81,3,0.0,1.0,64157.24
726,Spain,Female,56.0,123110.9,3,0.0,1.0,130113.78
683,Germany,Female,57.0,162448.69,1,0.0,0.0,9221.78
618,France,Male,37.0,0.0,1,0.0,1.0,178705.45
745,France,Female,32.0,0.0,4,0.0,1.0,179705.13
567,France,Female,41.0,137891.35,1,1.0,0.0,142009.46
785,Spain,Female,54.0,0.0,2,1.0,0.0,45113.92
770,France,Female,33.0,0.0,1,1.0,0.0,26080.54
772,Germany,Female,48.0,108736.52,1,1.0,0.0,184564.67
728,France,Female,59.0,0.0,1,1.0,1.0,163365.85
673,France,Female,34.0,42157.08,1,1.0,0.0,20598.59
636,Spain,Male,52.0,111284.53,1,0.0,1.0,32936.44
753,Germany,Female,46.0,113909.69,3,1.0,0.0,92320.37
475,France,Female,45.0,134264.04,1,1.0,0.0,27822.99
614,Spain,Female,41.0,179915.85,1,0.0,0.0,14666.35
551,France,Male,42.0,139561.46,1,1.0,0.0,43435.43
698,Spain,Male,45.0,164450.94,1,1.0,0.0,141970.02
703,Spain,Female,45.0,0.0,1,1.0,0.0,182784.11
602,Germany,Female,26.0,113674.2,1,1.0,0.0,197861.16
766,Germany,Female,34.0,106434.94,1,0.0,1.0,137995.66
613,Germany,Female,51.0,147262.11,1,1.0,1.0,53630.9
686,Spain,Female,47.0,0.0,1,1.0,0.0,32080.69
800,France,Female,40.0,97764.41,1,1.0,0.0,98640.15
530,France,Female,45.0,0.0,1,0.0,1.0,190663.89
792,France,Male,50.0,0.0,4,1.0,1.0,194700.81
517,France,Male,56.0,142147.32,1,0.0,0.0,39488.04
693,France,Female,35.0,124151.09,1,1.0,0.0,88705.14
736,Germany,Male,46.0,130812.91,1,1.0,1.0,77981.54
558,Germany,Male,39.0,144757.02,1,1.0,0.0,22878.16
668,France,Male,42.0,187534.79,1,1.0,1.0,32900.41
489,Germany,Female,52.0,131441.51,1,1.0,0.0,37240.11
678,France,Male,54.0,128914.97,1,0.0,0.0,191746.23
727,Spain,Male,43.0,97403.18,1,1.0,1.0,107415.02
525,France,Male,51.0,0.0,3,1.0,0.0,171045.35
648,Germany,Female,40.0,139973.65,1,1.0,1.0,667.66
591,Spain,Female,27.0,107812.67,1,0.0,1.0,162501.83
734,France,Male,22.0,130056.23,1,0.0,0.0,121894.31
762,Spain,Female,60.0,168920.75,1,1.0,0.0,31445.03
493,France,Female,31.0,0.0,1,1.0,1.0,176570.28
689,Germany,Female,30.0,136650.89,1,1.0,1.0,41865.72
577,Germany,Female,43.0,127940.47,1,0.0,0.0,125140.72
850,Germany,Male,28.0,147972.19,1,1.0,0.0,60708.72
782,Spain,Male,52.0,0.0,1,1.0,1.0,52759.82
737,France,Male,54.0,0.0,1,1.0,0.0,83470.4
538,Spain,Male,68.0,0.0,2,1.0,0.0,110440.5
520,France,Female,39.0,73493.17,1,0.0,1.0,109626.13
551,Germany,Male,54.0,102994.04,1,1.0,0.0,176680.16
611,Germany,Female,49.0,115488.52,2,1.0,1.0,138656.81
562,France,Male,37.0,0.0,1,0.0,1.0,52525.15
732,France,Female,36.0,0.0,1,0.0,0.0,3749.0
712,France,Male,33.0,153819.58,1,1.0,0.0,79176.09
539,Germany,Female,38.0,105435.74,1,0.0,0.0,80575.44
790,Spain,Female,46.0,0.0,1,0.0,0.0,14679.81
709,France,Female,43.0,0.0,2,0.0,0.0,168035.62
733,Germany,Male,34.0,100337.96,3,1.0,0.0,48559.19
715,Germany,Female,34.0,102277.52,1,0.0,0.0,177852.57
847,Germany,Female,41.0,101543.51,4,1.0,0.0,16025.17
621,Germany,Female,55.0,131033.76,1,0.0,1.0,75685.59
850,Spain,Male,54.0,108185.81,2,0.0,0.0,24093.4
589,France,Male,37.0,85146.48,2,1.0,0.0,86490.09
836,Spain,Male,57.0,101247.06,1,1.0,0.0,37141.62
841,France,Female,52.0,0.0,1,0.0,0.0,183239.71
636,Germany,Male,67.0,136709.35,1,0.0,1.0,66753.1
655,Germany,Female,37.0,108862.76,1,1.0,0.0,79555.08
678,France,Female,49.0,204510.94,1,0.0,1.0,738.88
610,Spain,Female,50.0,130554.51,3,1.0,0.0,184758.17
655,Spain,Male,38.0,250898.09,3,0.0,1.0,81054.0
677,France,Female,29.0,86616.35,1,0.0,0.0,91903.9
743,Germany,Male,59.0,108585.35,1,1.0,1.0,192127.22
638,Germany,Female,33.0,129335.65,1,1.0,1.0,56585.2
762,Germany,Female,34.0,98592.88,1,0.0,1.0,191790.29
695,Germany,Female,53.0,95231.91,1,0.0,0.0,70140.8
698,Germany,Male,52.0,107304.39,3,1.0,0.0,28806.32
780,France,Female,37.0,0.0,2,0.0,0.0,182156.81
598,France,Male,48.0,120682.53,1,1.0,0.0,30635.52
628,Germany,Female,51.0,115280.49,2,0.0,0.0,12628.61
691,France,Male,41.0,0.0,1,1.0,1.0,56850.92
580,Germany,Female,38.0,128218.47,1,1.0,0.0,125953.83
535,Spain,Female,50.0,140292.58,3,0.0,0.0,69531.22
850,Germany,Female,70.0,96947.58,3,1.0,0.0,62282.99
500,France,Male,56.0,100374.58,1,1.0,0.0,118490.8
651,Germany,Male,35.0,110067.71,1,1.0,0.0,127678.95
562,France,Female,51.0,124662.54,1,1.0,1.0,65390.46
684,Spain,Female,38.0,134168.5,3,1.0,0.0,3966.5
767,Germany,Female,35.0,132253.22,1,1.0,0.0,115566.57
751,France,Female,48.0,0.0,1,1.0,0.0,137508.42
850,Germany,Male,36.0,119984.07,1,1.0,0.0,191535.11
675,France,Female,38.0,104016.88,1,0.0,0.0,22068.83
677,France,Female,56.0,119963.45,1,0.0,0.0,158325.87
760,France,Male,39.0,178585.46,1,1.0,0.0,67131.3
597,Germany,Female,39.0,162532.14,3,1.0,0.0,36051.46
597,Spain,Female,30.0,119370.11,1,1.0,1.0,182726.22
774,France,Male,53.0,113709.28,1,1.0,1.0,153887.93
726,Germany,Female,51.0,107494.86,2,1.0,0.0,140937.91
563,Germany,Male,41.0,100520.92,1,1.0,1.0,19412.8
622,Spain,Female,36.0,108960.0,2,1.0,0.0,111180.3
585,Spain,Female,56.0,128472.8,1,1.0,0.0,186476.91
743,Spain,Male,43.0,161807.18,2,0.0,1.0,93228.86
788,Germany,Female,49.0,137455.99,1,1.0,0.0,184178.29
756,Spain,Male,38.0,119208.85,1,1.0,0.0,169763.89
478,Spain,Male,48.0,83287.05,2,0.0,1.0,44147.95
850,France,Male,61.0,0.0,1,1.0,0.0,53067.83
794,France,Female,41.0,176845.41,3,1.0,0.0,166526.26
756,Germany,Male,41.0,149049.92,1,0.0,1.0,50422.36
682,France,Female,42.0,0.0,1,0.0,1.0,91981.85
652,France,Female,37.0,92208.54,1,0.0,1.0,197699.8
716,Germany,Male,66.0,121411.9,1,0.0,0.0,10070.4
652,Germany,Male,46.0,121063.8,3,1.0,0.0,151481.86
805,Germany,Female,45.0,116585.97,1,1.0,0.0,189428.75
573,Spain,Male,46.0,65269.23,1,0.0,1.0,189988.65
564,Germany,Female,33.0,115761.51,1,0.0,1.0,112350.21
466,France,Female,41.0,33563.95,2,1.0,0.0,178994.13
637,Germany,Male,43.0,135645.29,2,0.0,1.0,101382.86
634,Germany,Female,46.0,123642.36,1,1.0,1.0,49725.16
698,Spain,Female,31.0,185078.26,1,0.0,0.0,115337.74
672,Spain,Female,56.0,209767.31,2,1.0,1.0,150694.42
622,Germany,Female,58.0,116922.25,1,1.0,0.0,120415.61
622,Germany,Male,42.0,115766.26,1,0.0,0.0,72155.85
528,France,Female,36.0,156948.41,1,1.0,1.0,149912.28
815,Spain,Female,57.0,0.0,3,0.0,0.0,38941.44
626,Germany,Male,39.0,132287.92,3,1.0,1.0,51467.92
664,France,Female,44.0,142989.69,1,1.0,1.0,115452.51
807,Spain,Female,28.0,165969.26,3,1.0,0.0,156122.13
806,Germany,Male,30.0,168078.83,1,1.0,0.0,85028.36
570,France,Female,30.0,176173.52,1,1.0,0.0,97045.32
517,France,Female,45.0,0.0,1,0.0,0.0,172674.36
505,Spain,Female,45.0,131355.3,3,1.0,0.0,195395.33
708,France,Male,52.0,105355.81,1,1.0,0.0,123.07
439,Spain,Male,52.0,96196.24,4,1.0,0.0,198874.52
421,Germany,Male,28.0,122384.22,3,1.0,1.0,89017.38
850,France,Female,35.0,211774.31,1,1.0,0.0,188574.12
628,Germany,Male,38.0,113525.84,1,1.0,0.0,46044.48
842,Germany,Female,35.0,119948.09,1,1.0,0.0,48217.97
688,France,Female,54.0,0.0,1,1.0,0.0,191212.63
786,Germany,Female,33.0,122325.58,1,0.0,0.0,34712.34
718,France,Male,52.0,79475.3,3,1.0,1.0,32421.32
658,France,Female,40.0,140596.95,1,0.0,1.0,135459.02
644,France,Male,48.0,0.0,2,0.0,1.0,44965.54
709,Germany,Male,45.0,122917.71,1,1.0,1.0,11.58
624,Germany,Female,52.0,133723.43,1,0.0,0.0,4859.59
544,France,Male,48.0,78314.63,3,1.0,1.0,103713.93
650,Germany,Female,28.0,122034.4,3,0.0,1.0,146663.43
662,France,Female,32.0,133950.37,1,1.0,1.0,48725.68
850,Germany,Male,51.0,124425.99,1,0.0,0.0,118545.49
640,France,Male,63.0,68432.45,2,1.0,1.0,112503.24
619,Spain,Female,44.0,52831.13,1,1.0,1.0,112649.22
608,Spain,Female,41.0,89763.84,1,0.0,0.0,199304.74
672,France,Female,50.0,0.0,1,1.0,0.0,12106.82
529,France,Male,67.0,103101.56,2,1.0,1.0,154002.02
797,France,Female,55.0,0.0,4,1.0,1.0,49418.87
705,Germany,Female,33.0,116765.7,1,0.0,0.0,190659.17
588,France,Male,44.0,154409.74,1,1.0,0.0,49324.03
535,Spain,Female,30.0,122924.75,1,0.0,0.0,62390.59
700,France,Female,32.0,110923.15,2,1.0,1.0,161845.81
595,France,Male,46.0,0.0,1,1.0,0.0,73489.15
707,France,Male,40.0,0.0,2,1.0,0.0,14090.4
603,Spain,Male,57.0,105000.85,2,1.0,1.0,87412.24
669,France,Male,50.0,201009.64,1,1.0,0.0,158032.5
415,France,Male,46.0,134950.19,3,0.0,0.0,178587.36
789,France,Female,53.0,158271.74,1,1.0,1.0,5036.39
692,Germany,Male,45.0,152296.83,4,0.0,1.0,108040.86
524,Spain,Male,29.0,159035.45,1,1.0,0.0,2705.31
436,Germany,Male,45.0,104339.11,2,1.0,1.0,183540.22
644,France,Female,46.0,95441.27,1,1.0,0.0,108761.05
774,France,Female,52.0,56580.93,1,1.0,0.0,113266.28
614,France,Male,40.0,0.0,1,1.0,1.0,20339.79
665,France,Male,52.0,0.0,1,1.0,0.0,116137.01
686,Germany,Female,47.0,170935.94,1,1.0,0.0,173179.79
705,Germany,Male,48.0,114169.16,1,0.0,0.0,173273.2
650,Spain,Female,25.0,86605.5,3,1.0,0.0,16649.31
729,Spain,Female,28.0,0.0,2,1.0,1.0,31165.06
823,Germany,Female,53.0,124954.94,1,0.0,1.0,131259.6
740,Spain,Female,56.0,99097.33,1,1.0,1.0,85016.64
647,Spain,Female,26.0,109958.15,1,1.0,1.0,136592.24
556,France,Female,52.0,0.0,1,1.0,0.0,175149.2
556,Spain,Male,46.0,131764.96,1,1.0,1.0,108500.66
574,Spain,Male,36.0,77967.5,1,1.0,0.0,167066.95
603,Germany,Male,44.0,108122.39,2,1.0,0.0,108488.33
710,Germany,Female,41.0,149155.53,2,1.0,0.0,42131.26
732,Germany,Male,50.0,145338.76,1,0.0,0.0,91936.1
505,France,Female,36.0,79951.9,1,0.0,1.0,174123.16
535,France,Male,38.0,119272.29,1,0.0,0.0,195896.59
632,France,Female,40.0,139625.34,1,1.0,0.0,93702.96
707,France,Female,57.0,92053.0,1,1.0,1.0,164064.44
781,France,Male,38.0,117810.79,1,0.0,1.0,65632.33
727,Spain,Female,31.0,0.0,1,1.0,0.0,121751.04
609,Spain,Male,61.0,0.0,1,1.0,0.0,22447.85
819,France,Female,39.0,133102.92,1,1.0,0.0,27046.46
430,Germany,Female,66.0,135392.31,2,1.0,1.0,172852.06
653,Germany,Male,41.0,104584.11,1,1.0,0.0,15126.32
756,Germany,Female,26.0,155143.52,1,0.0,1.0,135034.57
587,France,Male,40.0,0.0,4,0.0,1.0,106174.7
665,Spain,Female,42.0,156371.61,2,0.0,1.0,156774.94
457,France,Male,41.0,73700.12,3,1.0,1.0,185750.02
744,Germany,Female,50.0,121498.11,2,0.0,1.0,106061.47
667,Spain,Female,39.0,0.0,2,1.0,0.0,40721.24
792,Germany,Female,29.0,107601.79,1,1.0,0.0,18922.18
608,France,Female,62.0,144976.5,1,0.0,0.0,175836.03
613,Germany,Male,59.0,91415.76,1,0.0,0.0,27965.0
706,Spain,Male,57.0,0.0,1,1.0,0.0,17941.16
743,Germany,Male,45.0,144677.19,3,1.0,0.0,22512.44
350,France,Female,40.0,111098.85,1,1.0,1.0,172321.21
595,Germany,Female,45.0,106000.12,1,0.0,0.0,191448.96
601,France,Female,40.0,92055.36,1,0.0,1.0,164652.02
689,Spain,Male,38.0,75075.14,1,1.0,1.0,8651.92
742,Germany,Male,55.0,155196.17,1,0.0,1.0,121207.66
493,France,Male,54.0,167831.88,2,1.0,0.0,150159.95
683,Germany,Female,43.0,115888.04,1,1.0,1.0,117349.19
658,Spain,Female,31.0,36566.96,1,1.0,0.0,103644.98
556,Germany,Male,42.0,115915.53,2,0.0,1.0,125435.47
685,Spain,Female,30.0,0.0,3,1.0,1.0,172576.43
705,Germany,Female,48.0,156848.13,2,1.0,1.0,99475.95
550,Germany,Male,52.0,121016.23,1,1.0,1.0,41730.37
657,Spain,Male,36.0,188241.05,2,0.0,0.0,183058.51
615,Germany,Male,24.0,108528.07,2,0.0,0.0,179488.41
487,Germany,Female,46.0,135070.58,2,1.0,1.0,44244.49
716,Germany,Female,39.0,115301.31,1,1.0,0.0,43527.4
593,Germany,Female,48.0,133903.12,2,1.0,1.0,85902.39
727,Germany,Male,58.0,106913.43,1,1.0,0.0,25881.0
667,France,Female,38.0,144432.04,1,1.0,1.0,73963.17
764,Germany,Male,34.0,108760.27,2,1.0,0.0,166324.79
708,France,Male,34.0,0.0,1,0.0,1.0,121457.88
666,France,Male,51.0,148222.65,1,0.0,0.0,156953.54
656,Spain,Female,34.0,59877.33,1,1.0,0.0,14032.62
547,Germany,Female,42.0,142703.4,1,1.0,0.0,86207.49
803,Germany,Female,50.0,98173.02,1,0.0,0.0,22457.25
778,France,Female,33.0,151772.63,2,0.0,0.0,180249.94
692,Germany,Female,41.0,130701.29,1,1.0,0.0,59354.24
590,Spain,Male,29.0,0.0,1,1.0,1.0,51907.72
697,France,Male,32.0,175464.85,3,1.0,0.0,116442.42
713,Spain,Female,26.0,122857.46,2,1.0,0.0,144682.17
644,Spain,Male,18.0,0.0,1,0.0,1.0,59645.24
550,France,Male,38.0,140278.99,3,1.0,1.0,171457.06
767,Spain,Male,47.0,0.0,1,1.0,0.0,121964.46
730,Spain,Female,39.0,140094.59,1,1.0,0.0,172450.04
646,Spain,Male,25.0,182876.88,2,1.0,1.0,42537.59
587,Germany,Female,49.0,155393.98,2,1.0,0.0,13308.2
569,Germany,Male,35.0,109196.66,3,1.0,0.0,109393.19
807,Spain,Female,42.0,0.0,1,1.0,0.0,16500.66
530,France,Male,52.0,106723.28,1,0.0,0.0,109960.4
640,Spain,Male,43.0,172478.15,1,1.0,0.0,191084.4
723,Germany,Female,49.0,153855.52,1,1.0,1.0,180862.26
673,Spain,Male,43.0,127132.96,1,0.0,1.0,6009.27
646,Germany,Male,32.0,105397.8,1,1.0,0.0,78111.84
653,France,Male,46.0,119556.1,1,1.0,0.0,78250.13
632,France,Female,44.0,133793.89,1,1.0,1.0,34607.14
707,Germany,Female,51.0,98438.23,1,0.0,0.0,70778.63
744,Spain,Female,46.0,0.0,3,1.0,1.0,177431.59
850,France,Female,40.0,99816.46,1,1.0,1.0,163989.66
699,France,Male,22.0,99339.0,1,1.0,0.0,68297.61
698,Germany,Male,56.0,112414.81,2,0.0,0.0,93982.02
551,France,Male,52.0,0.0,1,0.0,0.0,63584.55
489,France,Female,51.0,0.0,2,0.0,1.0,174098.28
559,France,Male,49.0,147069.78,1,1.0,0.0,120540.83
524,Germany,Female,31.0,107818.63,1,1.0,0.0,199725.39
568,France,Female,44.0,0.0,2,0.0,0.0,62370.67
613,Germany,Male,38.0,67111.65,1,1.0,0.0,78566.64
794,Germany,Male,57.0,117056.46,1,1.0,0.0,93336.93
604,France,Male,33.0,0.0,1,1.0,0.0,42171.13
641,France,Male,65.0,38340.02,1,1.0,0.0,32607.77
646,France,Male,50.0,104129.24,2,1.0,0.0,181794.86
721,Spain,Male,51.0,169312.13,1,1.0,0.0,109078.35
732,Spain,Female,69.0,137453.43,1,0.0,1.0,110932.24
789,Germany,Male,43.0,119654.44,2,0.0,1.0,148412.24
724,France,Male,40.0,0.0,1,1.0,0.0,127847.25
753,Germany,Female,38.0,117314.92,1,1.0,0.0,122021.33
706,Spain,Female,53.0,0.0,3,0.0,0.0,88479.02
789,France,Male,37.0,0.0,1,1.0,0.0,121883.87
516,Spain,Male,50.0,0.0,1,0.0,1.0,146145.93
511,Germany,Female,40.0,124401.6,1,1.0,0.0,198814.24
651,Spain,Male,38.0,0.0,3,1.0,0.0,67029.82
675,Spain,Female,40.0,79035.95,1,1.0,0.0,142783.98
739,France,Female,37.0,0.0,2,1.0,0.0,191557.1
608,Germany,Male,44.0,114203.47,1,1.0,1.0,77830.36
681,Germany,Male,42.0,118199.97,2,1.0,0.0,9452.88
619,Spain,Male,46.0,62400.48,1,1.0,1.0,132498.39
647,Germany,Female,51.0,119741.77,2,0.0,0.0,54954.51
610,Germany,Male,50.0,113957.01,2,1.0,0.0,196526.55
779,Germany,Female,37.0,128389.63,1,1.0,1.0,6589.16
535,Spain,Male,48.0,109472.47,1,1.0,0.0,157358.43
670,France,Female,45.0,104930.38,1,1.0,0.0,155921.81
652,Germany,Female,45.0,110827.49,1,1.0,1.0,153383.54
850,Spain,Male,48.0,0.0,1,1.0,0.0,169425.3
826,France,Female,49.0,0.0,1,0.0,0.0,178709.98
613,Germany,Female,43.0,120481.69,1,0.0,0.0,94875.03
587,Germany,Male,35.0,121863.61,1,1.0,1.0,23481.69
850,Germany,Male,37.0,122506.38,1,0.0,1.0,199693.84
697,Spain,Male,62.0,0.0,1,1.0,0.0,129188.18
432,France,Male,42.0,152603.45,1,1.0,0.0,110265.24
735,France,Female,38.0,0.0,3,0.0,0.0,92220.12
499,France,Female,57.0,0.0,1,0.0,0.0,131372.38
719,France,Female,37.0,101455.7,1,1.0,0.0,25803.59
695,Spain,Male,63.0,146202.93,1,1.0,1.0,126688.83
610,France,Male,41.0,0.0,3,0.0,0.0,56118.81
629,France,Female,31.0,0.0,1,1.0,1.0,16447.6
644,Germany,Female,32.0,141528.88,1,1.0,1.0,167087.34
519,Germany,Female,21.0,151701.45,3,1.0,1.0,170138.68
850,France,Male,40.0,0.0,1,1.0,0.0,136985.08
799,Germany,Male,31.0,154586.92,1,0.0,1.0,88604.89
758,France,Female,52.0,125095.94,1,1.0,0.0,171189.83
678,Germany,Male,49.0,116933.11,1,1.0,0.0,195053.58
739,Germany,Male,45.0,102703.62,1,0.0,1.0,147802.94
741,Spain,Male,40.0,104784.23,1,1.0,0.0,135163.76
835,Germany,Female,47.0,108289.28,2,1.0,1.0,45859.55
749,Spain,Male,42.0,222267.63,1,0.0,0.0,101108.85
850,Spain,Female,53.0,65407.16,2,0.0,0.0,182633.63
710,France,Male,47.0,158623.14,1,0.0,0.0,83499.89
643,France,Female,45.0,45144.43,1,1.0,0.0,60917.24
627,France,Female,44.0,0.0,2,1.0,0.0,82969.61
753,France,Male,57.0,0.0,1,1.0,0.0,159475.08
658,France,Male,42.0,102870.93,1,0.0,1.0,103764.55
750,Germany,Female,52.0,107467.56,1,1.0,0.0,126233.18
794,France,Female,62.0,123681.32,3,1.0,0.0,173586.63
521,Spain,Female,49.0,82940.25,2,0.0,0.0,62413.01
636,Spain,Female,33.0,0.0,1,1.0,0.0,92277.47
395,Germany,Female,34.0,106011.59,1,1.0,1.0,17376.57
775,France,Female,30.0,0.0,1,1.0,0.0,193880.6
816,Germany,Female,38.0,130878.75,3,1.0,0.0,71905.77
768,Germany,Male,37.0,108308.11,1,1.0,0.0,41788.25
560,Spain,Male,47.0,0.0,1,0.0,0.0,128882.66
658,Germany,Female,31.0,133003.03,1,0.0,1.0,146339.27
596,France,Male,33.0,0.0,1,1.0,0.0,121189.3
625,France,Male,43.0,201696.07,1,1.0,0.0,133020.9
684,Germany,Female,63.0,81245.79,1,1.0,0.0,69643.31
640,France,Male,33.0,154575.76,1,1.0,0.0,25722.28
704,France,Male,32.0,127785.17,4,0.0,0.0,184464.7
636,Spain,Male,36.0,0.0,3,1.0,1.0,74048.1
604,France,Female,53.0,121389.78,1,1.0,1.0,48201.64
584,Germany,Female,37.0,134171.8,4,1.0,1.0,70927.11
684,Spain,Male,40.0,70291.02,1,1.0,1.0,115468.84
598,France,Female,43.0,0.0,3,1.0,1.0,100722.72
596,Spain,Female,54.0,78126.28,1,1.0,1.0,153482.91
588,Germany,Female,48.0,143279.58,2,1.0,0.0,31580.8
671,Germany,Female,47.0,114603.76,2,1.0,0.0,153194.32
535,France,Female,48.0,0.0,1,1.0,0.0,149892.79
569,Germany,Female,28.0,100032.52,1,1.0,0.0,5159.21
697,Spain,Male,56.0,110802.03,1,1.0,1.0,50230.31
845,Spain,Female,52.0,0.0,1,1.0,0.0,31726.76
637,Germany,Female,39.0,137843.8,1,1.0,1.0,117622.8
627,France,Male,44.0,153548.12,1,0.0,0.0,35300.08
650,Germany,Female,55.0,140891.46,3,1.0,1.0,179834.45
535,Germany,Male,40.0,111756.5,1,1.0,0.0,8128.32
724,France,Male,31.0,0.0,1,1.0,0.0,134889.95
753,Germany,Female,46.0,111512.75,3,1.0,0.0,159576.75
771,France,Male,50.0,105229.72,1,1.0,1.0,16281.68
764,Germany,Female,39.0,138341.51,1,1.0,0.0,50072.94
543,France,Male,42.0,89838.71,3,1.0,0.0,85983.54
742,France,Female,60.0,0.0,1,1.0,1.0,13161.66
576,France,Female,55.0,44582.07,3,0.0,1.0,67539.85
461,France,Male,51.0,119889.84,1,0.0,0.0,56767.67
850,Germany,Female,45.0,103909.86,1,1.0,0.0,60083.11
477,Germany,Female,24.0,95675.62,2,0.0,0.0,162699.7
661,Spain,Female,41.0,28082.95,1,1.0,0.0,69586.27
646,France,Male,52.0,59669.43,1,0.0,0.0,172495.81
621,Spain,Male,53.0,170491.84,1,1.0,0.0,35588.07
588,Germany,Female,30.0,110148.49,1,1.0,0.0,5790.9
602,Germany,Female,43.0,113641.49,4,1.0,0.0,115116.35
665,Spain,Female,51.0,0.0,1,1.0,1.0,38928.48
542,France,Male,39.0,135096.77,1,1.0,1.0,14353.43
725,Germany,Male,45.0,116917.07,1,0.0,0.0,173464.43
612,Germany,Female,62.0,140745.33,1,1.0,0.0,193437.89
446,Spain,Female,45.0,125191.69,1,1.0,1.0,128260.86
721,Germany,Male,28.0,154475.54,2,0.0,1.0,101300.94
559,France,Male,50.0,162702.35,1,0.0,0.0,150548.5
645,Germany,Male,43.0,140121.17,1,1.0,0.0,11302.7
546,Germany,Female,58.0,106458.31,4,1.0,0.0,128881.87
669,France,Male,25.0,157848.53,1,0.0,0.0,37543.93
778,Germany,Female,35.0,151958.19,3,1.0,1.0,131238.37
740,Germany,Female,36.0,109044.6,1,0.0,0.0,94554.74
614,Germany,Female,35.0,128100.28,1,0.0,0.0,69454.24
720,Germany,Male,46.0,97042.6,1,1.0,1.0,133516.51
554,France,Female,35.0,117707.18,2,0.0,0.0,95277.15
850,Germany,Male,49.0,98649.55,1,1.0,0.0,119174.88
809,Germany,Male,50.0,118098.62,1,1.0,1.0,100720.02
567,Spain,Female,54.0,92316.31,2,1.0,0.0,158590.66
640,Germany,Male,39.0,131607.28,4,0.0,1.0,6981.43
693,Germany,Female,43.0,121927.92,1,1.0,0.0,87994.95
739,Germany,Male,58.0,110597.76,1,0.0,1.0,160122.66
551,Germany,Male,50.0,121399.98,1,0.0,1.0,84508.44
520,Germany,Male,43.0,150805.17,3,0.0,1.0,25333.03
618,France,Female,49.0,44301.43,3,1.0,1.0,89729.3
745,Spain,Female,54.0,0.0,1,1.0,0.0,173912.29
706,Germany,Male,67.0,123276.69,2,1.0,1.0,86507.88
479,France,Female,33.0,208165.53,1,0.0,0.0,50774.81
496,Germany,Female,55.0,125292.53,1,1.0,1.0,31532.96
554,Germany,Female,55.0,108477.27,1,0.0,1.0,140003.0
766,Germany,Male,47.0,129289.98,1,1.0,0.0,169935.46
773,Spain,Female,41.0,0.0,1,1.0,0.0,28266.9
561,Germany,Female,49.0,102025.32,1,1.0,0.0,133051.64
850,Germany,Male,55.0,98710.89,1,1.0,1.0,83617.17
661,Spain,Female,42.0,75361.44,1,1.0,0.0,27608.12
736,Germany,Female,36.0,103914.17,1,1.0,1.0,110035.88
818,France,Female,49.0,0.0,1,0.0,1.0,192298.84
576,France,Female,41.0,112609.91,1,0.0,0.0,191035.18
735,France,Male,41.0,74135.85,1,1.0,1.0,11783.1
781,France,Female,27.0,186558.55,1,1.0,1.0,175071.29
727,Germany,Male,37.0,101191.83,1,1.0,1.0,34551.35
520,Germany,Female,45.0,123086.39,1,1.0,1.0,41042.4
606,Spain,Female,25.0,147386.72,3,1.0,0.0,45482.04
597,Spain,Male,35.0,0.0,3,0.0,1.0,73181.39
685,France,Female,33.0,0.0,3,0.0,1.0,70221.13
625,Germany,Female,35.0,86147.46,2,1.0,0.0,163440.8
712,Spain,Male,52.0,0.0,1,1.0,1.0,117977.45
629,France,Male,46.0,130666.2,1,1.0,1.0,161125.67
648,Germany,Female,32.0,157138.99,3,1.0,0.0,190994.48
710,Spain,Male,62.0,131078.42,2,1.0,0.0,119348.76
678,France,Male,60.0,185648.56,1,0.0,0.0,192156.54
834,France,Male,36.0,142882.49,1,1.0,0.0,89983.02
545,France,Male,47.0,105792.49,1,0.0,1.0,67830.2
606,Germany,Male,48.0,132403.56,1,0.0,0.0,36091.91
722,France,Female,49.0,168197.66,1,1.0,0.0,140765.57
487,Germany,Female,61.0,110368.03,1,0.0,0.0,11384.45
602,France,Male,33.0,164704.38,1,0.0,1.0,180716.1
727,Spain,Female,52.0,154733.97,1,1.0,0.0,80259.67
612,Germany,Male,46.0,161450.03,1,1.0,1.0,96961.0
699,Germany,Male,32.0,123906.22,3,1.0,1.0,127443.82
573,France,Female,26.0,129109.02,1,0.0,0.0,149814.68
710,Germany,Female,62.0,148214.36,1,1.0,0.0,48571.14
675,France,Female,38.0,68065.8,1,0.0,0.0,138777.0
795,Germany,Female,56.0,94348.94,1,1.0,0.0,29239.29
719,France,Female,42.0,0.0,1,1.0,0.0,28465.86
666,Germany,Female,44.0,122314.5,1,0.0,0.0,68574.88
558,France,Female,45.0,153697.53,2,0.0,0.0,89891.4
529,Germany,Male,29.0,135759.4,1,0.0,0.0,112813.79
846,France,Female,41.0,0.0,3,1.0,0.0,3440.47
739,Germany,Male,54.0,126418.14,1,1.0,0.0,134420.75
595,Germany,Female,44.0,96553.52,2,1.0,0.0,143952.24
706,France,Female,23.0,0.0,1,0.0,0.0,164128.41
589,Spain,Female,45.0,0.0,1,0.0,0.0,125939.22
533,Germany,Male,51.0,127545.56,2,0.0,0.0,79559.02
588,Germany,Male,49.0,132623.76,3,1.0,0.0,36292.94
688,France,Female,39.0,0.0,2,1.0,0.0,53222.15
634,Germany,Female,56.0,116251.24,1,0.0,1.0,42429.88
770,Spain,Male,55.0,63127.41,2,1.0,0.0,185211.28
716,France,Female,44.0,109528.28,1,1.0,0.0,27341.63
675,France,Male,54.0,0.0,1,1.0,0.0,149583.67
695,France,Female,50.0,0.0,1,1.0,0.0,126381.6
708,Germany,Female,54.0,145151.4,1,0.0,1.0,125311.17
517,Germany,Female,59.0,154110.99,2,1.0,0.0,101240.08
629,France,Female,40.0,137409.19,1,1.0,0.0,175877.7
700,Spain,Male,47.0,0.0,1,1.0,0.0,121798.52
727,Germany,Male,46.0,115248.11,4,1.0,0.0,130752.01
692,Spain,Female,47.0,0.0,2,1.0,0.0,150802.41
566,France,Male,30.0,0.0,1,1.0,0.0,54926.51
431,Germany,Female,44.0,138843.7,1,1.0,0.0,37688.31
584,Spain,Female,48.0,213146.2,1,1.0,0.0,75161.25
751,Germany,Female,51.0,148074.79,1,1.0,0.0,146411.41
604,France,Female,47.0,62094.71,3,0.0,0.0,9308.1
679,France,Male,41.0,147726.98,3,1.0,0.0,172749.4
798,Germany,Female,49.0,132571.67,1,1.0,1.0,31686.33
548,France,Female,46.0,0.0,1,1.0,1.0,104469.06
545,Germany,Female,60.0,128981.07,1,0.0,1.0,176924.21
693,Germany,Male,40.0,120711.73,1,0.0,0.0,27345.18
742,Germany,Female,43.0,97067.69,1,0.0,1.0,60920.03
524,France,Male,50.0,0.0,2,1.0,1.0,31840.59
645,France,Female,36.0,0.0,2,1.0,1.0,12096.61
666,France,Male,43.0,137780.74,2,1.0,1.0,119100.05
583,France,Female,57.0,238387.56,1,0.0,1.0,147964.99
762,Germany,Male,46.0,123571.77,3,0.0,1.0,57014.17
516,Germany,Female,47.0,128298.74,1,0.0,0.0,149614.17
738,Germany,Female,57.0,148384.64,1,0.0,0.0,155047.11
621,France,Male,47.0,0.0,1,1.0,1.0,133831.37
850,Spain,Male,44.0,89118.26,1,1.0,0.0,104240.77
644,France,Male,44.0,73348.56,1,1.0,0.0,157166.79
482,Germany,Female,48.0,69329.47,1,0.0,0.0,102640.52
688,Germany,Male,35.0,111578.18,1,0.0,0.0,166165.93
762,Spain,Female,35.0,119349.69,3,1.0,1.0,47114.18
809,Germany,Female,42.0,64497.94,3,0.0,1.0,182436.81
531,France,Female,47.0,0.0,1,0.0,0.0,194998.34
811,France,Male,46.0,180226.24,1,1.0,0.0,13464.64
674,France,Male,18.0,0.0,2,1.0,1.0,55753.12
624,France,Female,71.0,170252.05,3,1.0,1.0,73679.59
720,Spain,Male,64.0,45752.78,2,1.0,0.0,79623.28
739,Germany,Male,32.0,102128.27,1,1.0,0.0,63981.37
847,France,Male,51.0,97565.74,1,0.0,0.0,144184.06
597,France,Female,60.0,131778.08,1,0.0,0.0,10703.53
598,Germany,Male,41.0,91536.93,1,1.0,0.0,191468.78
718,France,Female,41.0,0.0,2,0.0,1.0,27509.52
534,France,Female,42.0,144801.97,1,0.0,1.0,12483.39
805,Spain,Female,39.0,165272.13,1,1.0,0.0,14109.85
639,France,Female,60.0,162039.78,1,1.0,1.0,84361.72
691,France,Male,58.0,0.0,1,0.0,1.0,194930.3
478,France,Female,50.0,0.0,1,0.0,1.0,93332.64
641,Germany,Female,51.0,117306.69,4,1.0,1.0,26912.72
651,Spain,Female,45.0,95922.9,1,1.0,0.0,84782.42
548,France,Female,32.0,172448.77,1,1.0,0.0,188083.77
568,Germany,Male,40.0,99282.63,1,0.0,0.0,134600.94
365,Germany,Male,30.0,127760.07,1,1.0,0.0,81537.85
850,Germany,Male,56.0,169743.83,1,0.0,0.0,155850.4
637,Germany,Male,50.0,126345.55,1,0.0,1.0,17323.0
691,France,Male,52.0,0.0,1,1.0,0.0,175843.68
610,France,Female,57.0,72092.95,4,0.0,1.0,113228.82
599,Germany,Male,45.0,103583.05,1,1.0,0.0,132127.69
600,Germany,Female,58.0,118723.11,1,0.0,0.0,6209.51
655,Germany,Female,40.0,81954.6,1,1.0,1.0,198798.44
513,Spain,Male,48.0,0.0,1,1.0,1.0,114709.13
558,France,Male,33.0,108477.49,1,1.0,1.0,109096.71
754,Germany,Male,65.0,136186.44,1,1.0,1.0,121529.59
593,Germany,Female,62.0,118233.81,1,0.0,1.0,24765.53
638,France,Female,43.0,145860.98,1,1.0,1.0,142763.51
580,Germany,Male,24.0,133811.78,1,1.0,0.0,17185.95
850,Germany,Female,66.0,127120.62,1,0.0,1.0,118929.64
763,France,Female,53.0,0.0,1,1.0,0.0,77203.72
750,France,Female,47.0,121376.15,2,1.0,0.0,54473.6
657,Germany,Female,38.0,123770.46,1,0.0,0.0,47019.66
596,Germany,Male,40.0,62389.03,3,1.0,0.0,148623.43
592,Spain,Male,38.0,0.0,1,1.0,1.0,12905.89
768,Spain,Female,42.0,0.0,1,0.0,0.0,161242.99
580,France,Male,50.0,125647.36,1,1.0,0.0,57541.08
